TABLE NO.  1
 DV          PRED        RES         WRES
  0.0000E+00  0.0000E+00  0.0000E+00  0.0000E+00
  2.2989E+00  2.3741E+00 -7.5163E-02 -2.8509E-01
  3.6637E+00  3.5242E+00  1.3948E-01  1.1247E-01
  3.7790E+00  3.9243E+00 -1.4532E-01 -1.8704E-01
  3.3448E+00  3.3290E+00  1.5830E-02  1.5318E-01
  2.1306E+00  2.5561E+00 -4.2550E-01 -6.7665E-01
  1.1193E+00  1.3636E+00 -2.4427E-01 -4.5085E-01
  5.8962E-01  7.3718E-01 -1.4756E-01 -3.7642E-01
  3.5705E-01  4.4833E-01 -9.1280E-02 -4.4429E-01
  3.1820E-01  3.2092E-01 -2.7250E-03  3.6852E-01
  2.8447E-01  2.1194E-01  7.2531E-02  1.6749E+00
  1.6668E-01  1.9414E-01 -2.7456E-02 -7.0570E-01
  1.5920E-01  1.7822E-01 -1.9021E-02 -3.8284E-01
  0.0000E+00  0.0000E+00  0.0000E+00  0.0000E+00
  1.8583E+00  2.2981E+00 -4.3980E-01 -5.9582E-01
  3.8373E+00  3.4049E+00  4.3240E-01  7.5762E-01
  4.1650E+00  3.7752E+00  3.8982E-01  4.6519E-01
  3.5877E+00  3.1866E+00  4.0110E-01  3.4133E-01
  3.2379E+00  2.4328E+00  8.0506E-01  1.1654E+00
  1.8812E+00  1.2798E+00  6.0140E-01  1.1666E+00
  9.9414E-01  6.8015E-01  3.1399E-01  6.3107E-01
  5.6515E-01  4.0641E-01  1.5874E-01  3.6489E-01
  4.0539E-01  2.8693E-01  1.1846E-01  1.1014E+00
  1.5758E-01  1.8647E-01 -2.8894E-02 -5.6914E-01
  1.2113E-01  1.7007E-01 -4.8941E-02 -1.5382E+00
  1.0112E-01  1.5544E-01 -5.4324E-02 -2.1767E+00
  0.0000E+00  0.0000E+00  0.0000E+00  0.0000E+00
  3.4228E+00  2.8835E+00  5.3933E-01 -7.9458E-02
  5.0488E+00  4.1859E+00  8.6288E-01  2.9846E-01
  4.3972E+00  4.4493E+00 -5.2074E-02 -4.1438E-01
  3.6975E+00  3.5983E+00  9.9230E-02  1.9966E-01
  1.8819E+00  2.6368E+00 -7.5493E-01 -1.1706E+00
  8.5591E-01  1.3048E+00 -4.4890E-01 -9.5711E-01
  6.8940E-01  6.9285E-01 -3.4490E-03  5.3977E-01
  5.1615E-01  4.4645E-01  6.9697E-02  4.5116E-01
  4.2591E-01  3.5122E-01  7.4695E-02 -1.9308E-01
  4.6443E-01  2.7237E-01  1.9206E-01  1.6602E+00
  3.7436E-01  2.4668E-01  1.2768E-01  9.2900E-01
  3.3875E-01  2.2350E-01  1.1525E-01  1.1806E+00
  0.0000E+00  0.0000E+00  0.0000E+00  0.0000E+00
  3.2250E+00  4.6143E+00 -1.3893E+00 -7.3971E-01
  6.0741E+00  6.8164E+00 -7.4232E-01  5.7248E-03
  7.0605E+00  7.5099E+00 -4.4936E-01  4.6607E-02
  5.9287E+00  6.2957E+00 -3.6699E-01 -1.1494E-01
  4.2626E+00  4.7719E+00 -5.0929E-01 -5.0767E-01
  2.1335E+00  2.4740E+00 -3.4049E-01 -7.3737E-01
  1.2397E+00  1.2994E+00 -5.9682E-02 -2.0732E-01
  8.6181E-01  7.7252E-01  8.9290E-02  6.8976E-01
  4.9753E-01  5.4664E-01 -4.9107E-02 -4.1863E-01
  3.4739E-01  3.6014E-01 -1.2753E-02 -1.9666E-01
  3.9699E-01  3.2753E-01  6.9464E-02  1.1873E+00
  3.3053E-01  2.9840E-01  3.2135E-02  7.6162E-01
  0.0000E+00  0.0000E+00  0.0000E+00  0.0000E+00
  1.3342E+00  3.4711E+00 -2.1369E+00 -3.3560E-01
  2.7373E+00  5.3277E+00 -2.5904E+00 -3.4894E-01
  3.9215E+00  6.3774E+00 -2.4559E+00 -7.6074E-01
  3.2949E+00  5.8521E+00 -2.5572E+00 -1.7647E+00
  4.2202E+00  4.8820E+00 -6.6180E-01 -5.7435E-01
  3.4182E+00  3.0761E+00  3.4205E-01  3.2401E-01
  1.4141E+00  1.9073E+00 -4.9316E-01 -1.6067E+00
  1.2257E+00  1.2419E+00 -1.6209E-02  1.3520E-01
  9.2274E-01  8.7759E-01  4.5150E-02  9.9449E-01
  2.9918E-01  4.3999E-01 -1.4081E-01  3.4632E-02
  2.1358E-01  3.9445E-01 -1.8087E-01 -5.7868E-01
  2.5519E-01  3.6060E-01 -1.0541E-01  4.0501E-01
  0.0000E+00  0.0000E+00  0.0000E+00  0.0000E+00
  2.4103E+00  4.4485E+00 -2.0382E+00 -6.0848E-01
  4.8789E+00  6.6849E+00 -1.8060E+00 -1.3725E-01
  6.1838E+00  7.6481E+00 -1.4643E+00 -3.6123E-01
  6.5327E+00  6.6904E+00 -1.5769E-01  2.9879E-02
  5.0667E+00  5.3174E+00 -2.5069E-01 -5.6632E-01
  3.4390E+00  3.0701E+00  3.6893E-01 -3.1530E-01
  2.6627E+00  1.8074E+00  8.5527E-01  1.2104E+00
  1.5286E+00  1.1832E+00  3.4536E-01  9.1432E-02
  1.2899E+00  8.8631E-01  4.0359E-01  9.6582E-01
  8.2034E-01  5.8530E-01  2.3504E-01  8.0609E-01
  7.7626E-01  5.2400E-01  2.5226E-01  1.3225E+00
  5.8998E-01  4.7065E-01  1.1933E-01  2.3261E-01
  0.0000E+00  0.0000E+00  0.0000E+00  0.0000E+00
  1.1597E+01  1.9276E+01 -7.6789E+00  1.9629E-01
  1.3256E+01  2.7682E+01 -1.4426E+01 -9.5617E-01
  2.3709E+01  2.8789E+01 -5.0795E+00 -6.9830E-02
  1.8587E+01  2.2793E+01 -4.2059E+00 -9.4911E-01
  1.6748E+01  1.6388E+01  3.6009E-01 -5.6121E-01
  1.0550E+01  7.9390E+00  2.6110E+00 -6.5808E-02
  7.5808E+00  4.2938E+00  3.2870E+00  1.8333E+00
  6.1596E+00  2.9149E+00  3.2447E+00  4.1729E+00
  3.2177E+00  2.4107E+00  8.0704E-01  5.0036E-01
  1.6192E+00  1.9668E+00 -3.4758E-01 -1.5548E+00
  1.6857E+00  1.7762E+00 -9.0500E-02 -7.6017E-01
  1.4745E+00  1.6043E+00 -1.2980E-01 -7.7340E-01
  0.0000E+00  0.0000E+00  0.0000E+00  0.0000E+00
  1.2881E+00  7.7929E+00 -6.5048E+00  8.7507E-02
  2.7105E+00  1.2101E+01 -9.3901E+00 -6.1627E-01
  4.4741E+00  1.4850E+01 -1.0375E+01 -1.7306E+00
  5.6695E+00  1.3992E+01 -8.3223E+00 -2.3121E+00
  7.9812E+00  1.1990E+01 -4.0093E+00 -1.6844E+00
  6.2436E+00  7.9363E+00 -1.6927E+00 -1.9547E+00
  5.4375E+00  5.0788E+00  3.5868E-01 -7.4451E-01
  5.6454E+00  3.3101E+00  2.3353E+00  2.6363E+00
  4.3402E+00  2.2560E+00  2.0842E+00  3.8860E+00
  1.0855E+00  7.8758E-01  2.9792E-01  1.4517E+00
  6.8617E-01  6.7465E-01  1.1518E-02 -2.9755E-01
  7.6336E-01  6.1863E-01  1.4473E-01  9.0808E-01
  0.0000E+00  0.0000E+00  0.0000E+00  0.0000E+00
  4.8728E+00  7.7253E+00 -2.8525E+00  8.2292E-01
  4.0611E+00  1.1952E+01 -7.8908E+00 -1.2082E+00
  8.6825E+00  1.4549E+01 -5.8662E+00 -9.3187E-01
  1.0869E+01  1.3584E+01 -2.7150E+00 -5.9692E-01
  1.0607E+01  1.1526E+01 -9.1852E-01 -5.2731E-01
  7.5263E+00  7.4646E+00  6.1672E-02 -8.2162E-01
  6.4786E+00  4.6707E+00  1.8079E+00  8.5398E-01
  4.1422E+00  2.9808E+00  1.1614E+00  7.4934E-01
  3.2502E+00  1.9971E+00  1.2531E+00  2.0953E+00
  7.9417E-01  6.9286E-01  1.0131E-01  8.4862E-01
  5.0418E-01  5.9631E-01 -9.2132E-02 -5.6763E-01
  4.5292E-01  5.4449E-01 -9.1574E-02 -7.0297E-01
  0.0000E+00  0.0000E+00  0.0000E+00  0.0000E+00
  3.9989E+01  2.4338E+01  1.5651E+01  1.8737E+00
  4.1154E+01  3.6443E+01  4.7113E+00 -3.2066E-01
  4.8797E+01  4.1318E+01  7.4786E+00  1.9887E-01
  3.8445E+01  3.5703E+01  2.7419E+00 -2.4466E-01
  3.6598E+01  2.7909E+01  8.6894E+00  1.0663E+00
  2.1602E+01  1.5308E+01  6.2939E+00  1.1647E+00
  1.5907E+01  8.3046E+00  7.6024E+00  3.0172E+00
  6.6492E+00  4.8834E+00  1.7658E+00 -6.2336E-01
  5.6245E+00  3.2845E+00  2.3400E+00  8.2541E-01
  2.6280E+00  1.8443E+00  7.8374E-01 -3.8811E-01
  2.7887E+00  1.6867E+00  1.1020E+00  5.9410E-01
  2.2634E+00  1.5511E+00  7.1228E-01 -6.4968E-01
  0.0000E+00  0.0000E+00  0.0000E+00  0.0000E+00
  2.7136E+01  1.5746E+01  1.1390E+01  3.9278E-01
  3.9175E+01  2.4151E+01  1.5024E+01  7.5153E-01
  3.7616E+01  2.8841E+01  8.7754E+00  3.6337E-01
  2.8288E+01  2.6361E+01  1.9271E+00  1.0725E-01
  1.6177E+01  2.1856E+01 -5.6791E+00 -8.8693E-01
  7.5827E+00  1.3473E+01 -5.8904E+00 -5.2443E-01
  3.2279E+00  8.0258E+00 -4.7979E+00 -5.8084E-01
  1.6516E+00  4.9099E+00 -3.2583E+00 -6.0528E-01
  1.0353E+00  3.1967E+00 -2.1614E+00 -7.6586E-01
  8.4476E-01  1.1670E+00 -3.2225E-01 -8.8409E-01
  1.1357E+00  1.0173E+00  1.1842E-01  1.0336E+00
  6.6792E-01  9.2067E-01 -2.5275E-01 -7.7846E-01
  0.0000E+00  0.0000E+00  0.0000E+00  0.0000E+00
  7.0638E+01  3.6763E+01  3.3875E+01  7.8167E-01
  9.5339E+01  5.2782E+01  4.2557E+01  1.2168E+00
  6.9440E+01  5.4837E+01  1.4603E+01 -2.4198E-02
  4.0275E+01  4.3333E+01 -3.0579E+00 -4.6152E-01
  1.7157E+01  3.1053E+01 -1.3896E+01 -1.2422E+00
  9.2449E+00  1.4846E+01 -5.6009E+00  7.5176E-01
  4.2760E+00  7.8458E+00 -3.5698E+00  1.8180E-01
  4.2959E+00  5.1953E+00 -8.9939E-01  2.6897E-01
  4.1657E+00  4.2266E+00 -6.0869E-02 -1.8757E-01
  3.8472E+00  3.3905E+00  4.5671E-01 -4.5472E-01
  2.7725E+00  3.0442E+00 -2.7169E-01 -1.5701E+00
  3.8289E+00  2.7337E+00  1.0952E+00  1.0554E+00
  0.0000E+00  0.0000E+00  0.0000E+00  0.0000E+00
  1.6859E+01  4.9708E+01 -3.2849E+01 -4.6928E-02
  2.8102E+01  7.4685E+01 -4.6583E+01 -6.4881E-01
  4.5548E+01  8.5313E+01 -3.9765E+01 -1.0109E+00
  4.3740E+01  7.4337E+01 -3.0597E+01 -1.6702E+00
  2.9592E+01  5.8643E+01 -2.9051E+01 -2.9034E+00
  3.8170E+01  3.2825E+01  5.3447E+00 -2.9165E-01
  2.5408E+01  1.8188E+01  7.2199E+00  4.4676E-01
  2.2118E+01  1.0893E+01  1.1225E+01  3.7845E+00
  1.4187E+01  7.4117E+00  6.7753E+00  3.5389E+00
  4.0771E+00  4.1710E+00 -9.3890E-02 -2.4638E-01
  2.8758E+00  3.8301E+00 -9.5435E-01 -1.3249E+00
  3.2239E+00  3.5392E+00 -3.1535E-01 -4.1923E-01
  0.0000E+00  0.0000E+00  0.0000E+00  0.0000E+00
  3.5421E+01  3.8295E+01 -2.8741E+00 -1.4561E-01
  6.1699E+01  5.9147E+01  2.5518E+00  3.5549E-01
  6.3618E+01  7.1764E+01 -8.1463E+00 -5.3971E-01
  7.3412E+01  6.6822E+01  6.5900E+00  5.5495E-01
  5.4407E+01  5.6597E+01 -2.1897E+00 -2.7868E-01
  3.6025E+01  3.6723E+01 -6.9808E-01 -2.7680E-01
  2.2513E+01  2.3288E+01 -7.7482E-01 -4.3133E-01
  2.1919E+01  1.5307E+01  6.6120E+00  2.0861E+00
  1.0910E+01  1.0744E+01  1.6562E-01 -1.0523E-01
  2.8928E+00  4.8421E+00 -1.9493E+00 -1.5535E+00
  3.4642E+00  4.3060E+00 -8.4183E-01 -4.9899E-01
  3.9468E+00  3.9563E+00 -9.5139E-03  3.9200E-01
  0.0000E+00  0.0000E+00  0.0000E+00  0.0000E+00
  6.8777E+01  5.0510E+01  1.8267E+01  2.8356E-01
  1.0095E+02  7.6253E+01  2.4697E+01  4.2779E-01
  1.2591E+02  8.8091E+01  3.7819E+01  1.5771E+00
  6.6629E+01  7.7841E+01 -1.1212E+01 -1.1515E+00
  6.5722E+01  6.2484E+01  3.2379E+00  2.5944E-01
  3.5200E+01  3.6679E+01 -1.4786E+00  3.9119E-02
  3.1227E+01  2.1733E+01  9.4937E+00  2.6087E+00
  1.5402E+01  1.4117E+01  1.2850E+00  7.5683E-01
  7.9943E+00  1.0384E+01 -2.3898E+00 -8.5310E-01
  3.7411E+00  6.5087E+00 -2.7676E+00 -1.4272E+00
  3.3539E+00  5.8362E+00 -2.4823E+00 -1.6887E+00
  3.0728E+00  5.2591E+00 -2.1863E+00 -1.9453E+00
  1.3660E+02  9.9698E+01  3.6902E+01  2.1786E+00
  0.0000E+00  0.0000E+00  0.0000E+00  0.0000E+00
  3.8487E+00  6.5145E+00 -2.6658E+00 -1.7443E+00
  1.5219E+00  2.9271E+00 -1.4052E+00 -2.1626E+00
  8.9939E-01  1.1294E+00 -2.3006E-01 -3.7033E-01
  5.6338E-01  5.4394E-01  1.9438E-02  5.6093E-01
  5.4990E-01  4.4189E-01  1.0801E-01  1.3134E+00
  4.8112E-01  4.0229E-01  7.8830E-02  1.0569E+00
  1.1664E+00  2.2654E+00 -1.0990E+00 -7.6311E-01
  1.2430E+00  2.4541E+00 -1.2111E+00 -4.5842E-01
  1.2652E+02  9.5951E+01  3.0569E+01  7.5489E-01
  1.3623E+00  2.4698E+00 -1.1075E+00 -1.7463E-01
  1.1766E+02  9.5910E+01  2.1750E+01 -8.7272E-01
  1.2156E+00  2.4710E+00 -1.2554E+00 -4.7194E-01
  1.2469E+02  9.5906E+01  2.8784E+01  4.1709E-01
  6.9606E+00  8.9490E+00 -1.9884E+00 -3.6530E-01
  3.6447E+00  5.3081E+00 -1.6634E+00 -5.6230E-01
  2.3974E+00  3.4582E+00 -1.0608E+00  4.9823E-02
  1.7076E+00  2.8047E+00 -1.0971E+00 -7.8352E-02
  1.6454E+00  2.6368E+00 -9.9138E-01  8.6567E-02
  1.2275E+00  2.4710E+00 -1.2435E+00 -4.4727E-01
  1.4818E+00  2.4711E+00 -9.8926E-01  7.6840E-02
  6.4003E-01  1.7322E+00 -1.0922E+00 -3.5489E-01
  2.6532E-01  1.2145E+00 -9.4915E-01 -3.2195E-01
  1.6757E-01  8.5147E-01 -6.8390E-01  2.9895E-01
  1.0524E+02  9.9698E+01  5.5417E+00  2.5102E-01
  0.0000E+00  0.0000E+00  0.0000E+00  0.0000E+00
  4.1441E+00  6.4743E+00 -2.3302E+00 -8.7349E-01
  3.9045E+00  3.2168E+00  6.8774E-01  4.2945E-02
  2.4069E+00  1.3337E+00  1.0732E+00  2.2047E+00
  6.3137E-01  6.2736E-01  4.0085E-03 -1.0050E+00
  5.0411E-01  4.8428E-01  1.9833E-02  2.1244E-01
  3.1180E-01  4.3439E-01 -1.2259E-01 -1.1352E+00
  2.5727E+00  2.7843E+00 -2.1158E-01  1.5304E-01
  9.0363E+01  9.5047E+01 -4.6844E+00 -1.7488E+00
  2.6779E+00  3.1472E+00 -4.6931E-01 -9.3857E-02
  3.0388E+00  3.1945E+00 -1.5574E-01  4.5426E-01
  1.0962E+02  9.3848E+01  1.5772E+01  1.9310E+00
  2.4869E+00  3.2004E+00 -7.1350E-01 -4.3349E-01
  9.9123E+01  9.3830E+01  5.2926E+00  5.4880E-03
  7.2501E+00  9.6356E+00 -2.3855E+00 -4.7061E-01
  5.3067E+00  6.3208E+00 -1.0141E+00 -9.5094E-01
  5.1338E+00  4.3817E+00  7.5207E-01  9.7451E-01
  4.0153E+00  3.6023E+00  4.1300E-01  1.1001E+00
  3.3947E+00  3.3879E+00  6.7676E-03  6.6289E-01
  2.6226E+00  3.2006E+00 -5.7797E-01 -2.1608E-01
  2.6941E+00  3.2007E+00 -5.0661E-01 -1.0155E-01
  1.8400E+00  2.3918E+00 -5.5181E-01 -2.9194E-01
  1.3937E+00  1.7879E+00 -3.9417E-01 -7.8485E-02
  8.6875E-01  1.3364E+00 -4.6768E-01 -5.0514E-01
  1.2630E+02  9.9698E+01  2.6602E+01  2.4882E+00
  0.0000E+00  0.0000E+00  0.0000E+00  0.0000E+00
  4.0078E+00  5.7546E+00 -1.7468E+00 -1.5277E+00
  2.7310E+00  2.9591E+00 -2.2805E-01 -1.1600E+00
  1.3197E+00  1.2252E+00  9.4537E-02 -8.3875E-01
  8.4486E-01  5.2625E-01  3.1861E-01  1.4256E+00
  6.2783E-01  3.7288E-01  2.5495E-01  1.5268E+00
  5.7548E-01  3.2107E-01  2.5441E-01  2.0155E+00
  3.7458E+00  1.9930E+00  1.7528E+00  3.2129E+00
  1.0587E+02  9.7097E+01  8.7732E+00 -6.8563E-01
  2.3727E+00  2.2281E+00  1.4463E-01 -1.0924E+00
  1.0589E+02  9.6531E+01  9.3588E+00 -5.4075E-01
  3.4312E+00  2.2558E+00  1.1754E+00  1.2140E+00
  2.5639E+00  2.2590E+00  3.0495E-01 -7.5474E-01
  1.0870E+02  9.6454E+01  1.2246E+01 -3.1647E-03
  7.2906E+00  7.9842E+00 -6.9361E-01 -7.3912E-01
  6.7296E+00  5.1461E+00  1.5835E+00  6.9904E-01
  4.1679E+00  3.3707E+00  7.9716E-01 -9.4057E-02
  2.2532E+00  2.6179E+00 -3.6469E-01 -2.1526E+00
  3.0665E+00  2.4120E+00  6.5451E-01 -3.6534E-02
  2.4752E+00  2.2590E+00  2.1616E-01 -9.5479E-01
  3.4520E+00  2.2591E+00  1.1929E+00  1.2443E+00
  3.0972E+00  1.6638E+00  1.4334E+00  2.6411E+00
  1.4602E+00  1.2261E+00  2.3406E-01 -7.1048E-01
  1.4452E+00  9.0362E-01  5.4158E-01  1.0561E+00
  9.0979E+01  9.9698E+01 -8.7193E+00  5.4050E-01
  0.0000E+00  0.0000E+00  0.0000E+00  0.0000E+00
  5.2216E+00  5.1520E+00  6.9581E-02 -5.5040E-01
  1.7376E+00  2.4552E+00 -7.1757E-01 -1.1036E+00
  9.7424E-01  9.7116E-01  3.0780E-03  2.7605E-01
  8.0499E-01  4.3698E-01  3.6801E-01  2.2388E+00
  6.6796E-01  3.3042E-01  3.3754E-01  1.6939E+00
  6.5045E-01  2.8529E-01  3.6516E-01  2.8620E+00
  1.0665E+00  1.1745E+00 -1.0803E-01 -9.0320E-01
  8.5020E+01  9.8701E+01 -1.3681E+01 -3.4709E-01
  1.6551E+00  1.2011E+00  4.5400E-01  1.6736E+00
  1.0505E+00  1.2017E+00 -1.5120E-01 -8.3224E-01
  7.9998E+01  9.8658E+01 -1.8660E+01 -1.2606E+00
  1.2647E+00  1.2017E+00  6.2982E-02  5.7823E-02
  8.6454E+01  9.8658E+01 -1.2204E+01 -7.5757E-02
  7.8167E+00  6.3266E+00  1.4901E+00  7.4450E-01
  2.6417E+00  3.5906E+00 -9.4888E-01 -1.1739E+00
  2.3882E+00  2.0688E+00  3.1943E-01  9.6999E-01
  2.0140E+00  1.4862E+00  5.2782E-01  1.5067E+00
  1.1552E+00  1.3334E+00 -1.7815E-01 -1.0618E+00
  1.1759E+00  1.2017E+00 -2.5818E-02 -3.1104E-01
  1.0185E+00  1.2017E+00 -1.8322E-01 -9.6487E-01
  2.8098E-01  6.9918E-01 -4.1820E-01 -1.4281E+00
  8.1678E-02  4.0697E-01 -3.2530E-01 -4.2829E-01
  2.9083E-02  2.3689E-01 -2.0781E-01  1.0307E+00
  1.0804E+02  9.9698E+01  8.3417E+00 -7.6028E-01
  0.0000E+00  0.0000E+00  0.0000E+00  0.0000E+00
  3.4871E+00  4.6574E+00 -1.1703E+00 -2.4131E-01
  2.8717E+00  3.2118E+00 -3.4015E-01 -4.2374E-01
  1.5228E+00  1.7615E+00 -2.3867E-01 -5.0162E-01
  5.7009E-01  8.8051E-01 -3.1042E-01 -9.9520E-01
  4.0758E-01  5.6187E-01 -1.5429E-01  1.8268E-02
  2.8845E-01  3.9923E-01 -1.1078E-01  3.2132E-01
  1.2589E+00  2.6273E+00 -1.3684E+00 -3.2989E-01
  1.2634E+00  3.0503E+00 -1.7869E+00 -3.3623E-01
  1.1546E+02  9.4278E+01  2.1182E+01  1.0245E+00
  1.2798E+00  3.1190E+00 -1.8392E+00 -2.5518E-01
  1.1212E+02  9.4075E+01  1.8045E+01  4.0210E-01
  9.7136E-01  3.1294E+00 -2.1581E+00 -7.4516E-01
  1.1354E+02  9.4043E+01  1.9497E+01  6.5900E-01
  4.1513E+00  7.7452E+00 -3.5939E+00 -7.8145E-01
  4.8085E+00  6.2435E+00 -1.4350E+00  2.1081E-01
  2.9239E+00  4.7414E+00 -1.8175E+00 -1.6484E-01
  1.4161E+00  3.7951E+00 -2.3790E+00 -8.7356E-01
  2.2433E+00  3.4135E+00 -1.1702E+00  8.7825E-01
  1.4098E+00  3.1298E+00 -1.7200E+00 -2.5176E-02
  1.3262E+00  3.1301E+00 -1.8039E+00 -1.6171E-01
  1.0389E+00  2.3984E+00 -1.3595E+00  2.7921E-01
  3.9612E-01  1.8496E+00 -1.4535E+00 -4.1656E-01
  3.5707E-01  1.4264E+00 -1.0694E+00  9.4913E-02
  9.0762E+01  9.9698E+01 -8.9363E+00  5.4266E-01
  0.0000E+00  0.0000E+00  0.0000E+00  0.0000E+00
  3.0747E+00  3.6051E+00 -5.3037E-01 -3.5005E-01
  1.9781E+00  2.1670E+00 -1.8894E-01 -4.7770E-01
  1.1442E+00  1.0032E+00  1.4097E-01  6.7575E-01
  4.4123E-01  3.9958E-01  4.1647E-02  7.0293E-01
  2.0297E-01  2.1963E-01 -1.6655E-02  2.2126E-02
  1.1134E-01  1.4588E-01 -3.4537E-02 -6.7515E-01
  5.8684E-01  7.3859E-01 -1.5175E-01 -1.7841E-01
  7.7418E+01  9.9276E+01 -2.1858E+01 -1.8311E+00
  6.0441E-01  7.8470E-01 -1.8029E-01 -2.1903E-01
  8.7525E+01  9.9226E+01 -1.1701E+01  3.3291E-02
  5.9080E-01  7.8760E-01 -1.9680E-01 -3.0852E-01
  6.3402E-01  7.8777E-01 -1.5375E-01 -3.7117E-02
  8.7872E+01  9.9222E+01 -1.1350E+01  9.7658E-02
  4.1845E+00  4.3774E+00 -1.9293E-01  2.1411E-01
  2.6861E+00  2.9188E+00 -2.3269E-01 -2.3145E-01
  1.7151E+00  1.7360E+00 -2.0854E-02  2.8433E-01
  9.1446E-01  1.1083E+00 -1.9380E-01 -2.1001E-01
  7.1806E-01  9.0526E-01 -1.8720E-01 -1.8753E-01
  6.0193E-01  7.8778E-01 -1.8585E-01 -2.3854E-01
  5.7976E-01  7.8778E-01 -2.0802E-01 -3.7769E-01
  4.0318E-01  5.2682E-01 -1.2364E-01  3.4834E-02
  1.6110E-01  3.5486E-01 -1.9376E-01 -1.0856E+00
  1.6124E-01  2.3903E-01 -7.7790E-02  1.4137E-01
  7.7229E+01  9.9698E+01 -2.2469E+01 -1.3147E+00
  0.0000E+00  0.0000E+00  0.0000E+00  0.0000E+00
  5.4602E+00  6.8372E+00 -1.3770E+00 -1.1371E+00
  1.4872E+00  2.8190E+00 -1.3318E+00 -1.8828E+00
  8.6540E-01  1.0543E+00 -1.8893E-01  7.5758E-02
  5.4457E-01  5.5075E-01 -6.1787E-03  4.5581E-01
  4.7144E-01  4.7239E-01 -9.5463E-04  2.2699E-01
  3.1209E-01  4.3431E-01 -1.2222E-01 -1.2429E+00
  1.9945E+00  2.2643E+00 -2.6980E-01  4.2851E-02
  7.3703E+01  9.6440E+01 -2.2737E+01 -1.4335E+00
  2.9284E+00  2.4055E+00  5.2295E-01  1.8605E+00
  8.2855E+01  9.6079E+01 -1.3224E+01  2.9659E-01
  2.8259E+00  2.4143E+00  4.1165E-01  1.6302E+00
  8.6538E+01  9.6056E+01 -9.5177E+00  9.7516E-01
  1.7063E+00  2.4148E+00 -7.0848E-01 -7.2786E-01
  9.7757E+00  9.2124E+00  5.6333E-01  5.0176E-01
  4.2535E+00  5.1360E+00 -8.8252E-01 -2.8801E-01
  2.8437E+00  3.3146E+00 -4.7091E-01  5.9561E-02
  2.5077E+00  2.7376E+00 -2.2987E-01  3.1066E-01
  1.6405E+00  2.5882E+00 -9.4765E-01 -1.1460E+00
  1.7923E+00  2.4148E+00 -6.2249E-01 -5.4675E-01
  1.6464E+00  2.4148E+00 -7.6840E-01 -8.5396E-01
  1.0421E+00  1.6244E+00 -5.8228E-01 -7.3703E-01
  8.1141E-01  1.0927E+00 -2.8132E-01  8.6778E-03
  5.2248E-01  7.3509E-01 -2.1261E-01  9.7902E-02
  8.6620E+01  9.9698E+01 -1.3078E+01  1.1030E-01
  0.0000E+00  0.0000E+00  0.0000E+00  0.0000E+00
  6.6360E+00  5.9122E+00  7.2380E-01  2.2563E-01
  6.4809E+00  3.5802E+00  2.9007E+00  3.5334E+00
  3.4959E+00  1.7944E+00  1.7015E+00  3.1970E+00
  1.5467E+00  9.2781E-01  6.1889E-01  1.2023E+00
  1.1615E+00  6.8690E-01  4.7460E-01  1.5671E+00
  7.9288E-01  5.8483E-01  2.0805E-01 -3.3718E-02
  6.2190E+00  3.7445E+00  2.4745E+00  9.0634E-02
  6.7991E+01  9.2142E+01 -2.4151E+01 -9.6421E-01
  7.7152E+00  4.2396E+00  3.4756E+00  2.5568E-01
  7.1789E+01  9.0546E+01 -1.8757E+01  4.2702E-01
  9.0913E+00  4.3051E+00  4.7862E+00  1.5995E+00
  7.7798E+00  4.3133E+00  3.4665E+00 -2.3917E-02
  6.2465E+01  9.0306E+01 -2.7841E+01 -1.1399E+00
  1.8535E+01  1.0171E+01  8.3636E+00  2.4018E+00
  1.4282E+01  7.7615E+00  6.5205E+00  1.9884E+00
  9.9229E+00  5.9004E+00  4.0225E+00  2.5707E-01
  8.6219E+00  4.9359E+00  3.6860E+00  4.3383E-02
  7.4972E+00  4.5996E+00  2.8976E+00 -7.5154E-01
  8.0518E+00  4.3136E+00  3.7382E+00  2.9998E-01
  6.8504E+00  4.3138E+00  2.5366E+00 -1.1390E+00
  6.2894E+00  3.2276E+00  3.0618E+00 -2.0312E-01
  4.9825E+00  2.4179E+00  2.5646E+00 -5.1042E-01
  5.0497E+00  1.8113E+00  3.2384E+00  1.9443E+00
  1.7001E+02  9.9698E+01  7.0312E+01  3.4301E+00
  0.0000E+00  0.0000E+00  0.0000E+00  0.0000E+00
  3.9548E+00  7.4848E+00 -3.5300E+00 -1.8417E+00
  3.1510E+00  3.1415E+00  9.5191E-03 -9.8925E-01
  1.4063E+00  1.2401E+00  1.6619E-01 -4.8367E-01
  8.4844E-01  7.0030E-01  1.4814E-01  1.0284E+00
  5.9542E-01  6.1596E-01 -2.0540E-02  1.1063E-01
  4.9155E-01  5.7293E-01 -8.1379E-02 -3.9775E-01
  3.3954E+00  3.2720E+00  1.2341E-01  5.6180E-01
  1.5017E+02  9.3614E+01  5.6556E+01  7.5446E-01
  4.0867E+00  3.5580E+00  5.2869E-01  1.1094E+00
  1.4327E+02  9.2731E+01  5.0539E+01 -4.0119E-01
  4.0627E+00  3.5830E+00  4.7969E-01  1.0273E+00
  3.2520E+00  3.5851E+00 -3.3311E-01 -1.3740E-01
  1.5217E+02  9.2646E+01  5.9524E+01  1.2395E+00
  6.7020E+00  1.1018E+01 -4.3162E+00 -1.5477E+00
  6.4183E+00  6.5988E+00 -1.8050E-01 -3.6983E-01
  4.8797E+00  4.6230E+00  2.5670E-01  2.6117E-01
  3.5357E+00  3.9865E+00 -4.5075E-01 -3.1321E-01
  3.5021E+00  3.8081E+00 -3.0604E-01 -7.6941E-02
  3.0863E+00  3.5852E+00 -4.9886E-01 -3.7466E-01
  3.2397E+00  3.5852E+00 -3.4550E-01 -1.5513E-01
  2.4178E+00  2.5310E+00 -1.1323E-01  5.3712E-02
  1.9364E+00  1.7869E+00  1.4951E-01  5.8347E-01
  1.1281E+00  1.2615E+00 -1.3343E-01 -3.0041E-01
  7.2916E+01  9.9698E+01 -2.6782E+01 -7.6411E-01
  0.0000E+00  0.0000E+00  0.0000E+00  0.0000E+00
  4.2552E+00  5.3987E+00 -1.1435E+00 -8.0866E-01
  2.9994E+00  2.7900E+00  2.0936E-01  2.4087E-01
  1.3682E+00  1.1450E+00  2.2320E-01  6.8934E-01
  6.1904E-01  4.7013E-01  1.4891E-01  1.7543E+00
  2.1809E-01  3.1921E-01 -1.0112E-01 -1.1480E+00
  2.3655E-01  2.6887E-01 -3.2320E-02  8.0159E-02
  1.4560E+00  1.6310E+00 -1.7498E-01 -5.6967E-02
  7.5632E+01  9.7882E+01 -2.2250E+01  6.2231E-02
  1.9570E+00  1.8097E+00  1.4734E-01  8.6154E-01
  7.1604E+01  9.7508E+01 -2.5904E+01 -6.0003E-01
  2.0539E+00  1.8293E+00  2.2464E-01  1.0589E+00
  1.7422E+00  1.8313E+00 -8.9108E-02  1.8910E-01
  6.9966E+01  9.7461E+01 -2.7495E+01 -8.8963E-01
  7.4569E+00  7.2053E+00  2.5164E-01  4.9104E-01
  3.6779E+00  4.5608E+00 -8.8288E-01 -1.0018E+00
  2.2954E+00  2.8810E+00 -5.8558E-01 -9.2040E-01
  1.8051E+00  2.1610E+00 -3.5588E-01 -4.9080E-01
  1.4111E+00  1.9661E+00 -5.5504E-01 -1.0137E+00
  1.5245E+00  1.8314E+00 -3.0686E-01 -4.1266E-01
  1.6785E+00  1.8314E+00 -1.5291E-01  1.2743E-02
  1.1748E+00  1.3344E+00 -1.5956E-01 -1.9993E-01
  8.6457E-01  9.7306E-01 -1.0849E-01 -1.9669E-01
  7.5573E-01  7.0959E-01  4.6141E-02  5.2560E-01
  1.1308E+02  9.9698E+01  1.3382E+01 -3.6138E-01
  0.0000E+00  0.0000E+00  0.0000E+00  0.0000E+00
  5.3925E+00  7.3298E+00 -1.9373E+00 -1.1401E+00
  2.8025E+00  2.9259E+00 -1.2343E-01 -7.1239E-01
  1.1142E+00  1.1180E+00 -3.8314E-03 -6.6797E-01
  9.0018E-01  6.3567E-01  2.6451E-01  1.5449E+00
  6.8799E-01  5.6323E-01  1.2476E-01  4.9892E-01
  5.6381E-01  5.2146E-01  4.2351E-02 -2.3007E-01
  3.1596E+00  2.7315E+00  4.2808E-01  6.2749E-01
  1.1181E+02  9.5196E+01  1.6614E+01  1.5167E-01
  3.3852E+00  2.9049E+00  4.8034E-01  6.7480E-01
  3.9272E+00  2.9159E+00  1.0113E+00  1.6008E+00
  1.1839E+02  9.4671E+01  2.3719E+01  1.4364E+00
  2.7099E+00  2.9165E+00 -2.0664E-01 -5.3208E-01
  1.1203E+02  9.4669E+01  1.7361E+01  2.6937E-01
  8.2617E+00  1.0199E+01 -1.9371E+00 -7.7574E-01
  5.7353E+00  5.7252E+00  1.0144E-02 -2.5642E-01
  3.9403E+00  3.8492E+00  9.1117E-02 -1.4586E-01
  4.1980E+00  3.2786E+00  9.1937E-01  1.2758E+00
  2.8592E+00  3.1208E+00 -2.6164E-01 -5.9272E-01
  3.3353E+00  2.9166E+00  4.1875E-01  5.6269E-01
  3.1405E+00  2.9166E+00  2.2394E-01  2.2167E-01
  2.4785E+00  1.9669E+00  5.1156E-01  1.0351E+00
  1.4635E+00  1.3265E+00  1.3696E-01  2.5392E-01
  7.7854E-01  8.9464E-01 -1.1610E-01 -6.7716E-01
  7.1643E+01  9.9698E+01 -2.8055E+01 -1.4737E+00
  0.0000E+00  0.0000E+00  0.0000E+00  0.0000E+00
  4.4561E+00  5.8577E+00 -1.4016E+00  6.4491E-02
  3.2309E+00  2.9880E+00  2.4292E-01 -5.2048E-01
  2.2494E+00  1.2334E+00  1.0160E+00  2.5177E+00
  7.5747E-01  5.3626E-01  2.2121E-01  1.5642E+00
  4.6304E-01  3.8576E-01  7.7280E-02  1.6910E+00
  2.0533E-01  3.3481E-01 -1.2948E-01 -9.0739E-01
  1.5491E+00  2.0775E+00 -5.2841E-01  5.9313E-02
  7.2816E+01  9.6898E+01 -2.4082E+01 -8.6439E-01
  9.9017E-01  2.3220E+00 -1.3318E+00 -1.5412E+00
  8.0968E+01  9.6294E+01 -1.5326E+01  7.1905E-01
  2.1609E+00  2.3507E+00 -1.8983E-01  9.8671E-01
  1.5359E+00  2.3540E+00 -8.1806E-01 -3.7110E-01
  7.5425E+01  9.6212E+01 -2.0787E+01 -2.8626E-01
  5.7614E+00  8.1812E+00 -2.4198E+00 -3.6430E-01
  5.8960E+00  5.2671E+00  6.2895E-01  7.9478E-01
  3.0253E+00  3.4693E+00 -4.4397E-01 -2.5195E-01
  1.7406E+00  2.7158E+00 -9.7523E-01 -7.5384E-01
  1.7864E+00  2.5105E+00 -7.2411E-01 -1.4482E-01
  1.1568E+00  2.3540E+00 -1.1972E+00 -1.1911E+00
  1.5936E+00  2.3541E+00 -7.6052E-01 -2.4643E-01
  1.4198E+00  1.7332E+00 -3.1342E-01  5.4884E-01
  7.7369E-01  1.2768E+00 -5.0312E-01 -3.7558E-01
  8.0265E-01  9.4059E-01 -1.3794E-01  8.1360E-01
  1.1221E+02  9.9698E+01  1.2512E+01  9.3071E-01
  0.0000E+00  0.0000E+00  0.0000E+00  0.0000E+00
  3.3991E+00  5.3585E+00 -1.9594E+00 -1.3004E+00
  2.4187E+00  2.8672E+00 -4.4847E-01 -9.7023E-01
  9.7321E-01  1.2137E+00 -2.4052E-01 -1.0431E+00
  3.5254E-01  5.0141E-01 -1.4887E-01 -6.8770E-01
  2.0681E-01  3.3246E-01 -1.2565E-01 -4.8520E-01
  1.5203E-01  2.7473E-01 -1.2270E-01 -6.3011E-01
  1.3282E+00  1.7281E+00 -3.9985E-01  1.7766E-02
  1.5202E+00  1.9431E+00 -4.2295E-01  4.2425E-02
  1.0516E+02  9.7211E+01  7.9487E+00  7.6673E-03
  1.8818E+00  1.9700E+00 -8.8158E-02  9.1221E-01
  1.0631E+02  9.7150E+01  9.1601E+00  2.2677E-01
  1.2433E+00  1.9731E+00 -7.2983E-01 -7.3901E-01
  1.0279E+02  9.7143E+01  5.6474E+00 -4.1836E-01
  5.5857E+00  7.3061E+00 -1.7204E+00 -5.3838E-01
  4.8648E+00  4.7783E+00  8.6536E-02  4.5803E-01
  2.1983E+00  3.0894E+00 -8.9109E-01 -8.9904E-01
  1.9300E+00  2.3311E+00 -4.0106E-01  1.1549E-01
  1.6466E+00  2.1173E+00 -4.7070E-01 -1.9782E-02
  1.5568E+00  1.9732E+00 -4.1642E-01  6.6582E-02
  1.5781E+00  1.9733E+00 -3.9520E-01  1.2113E-01
  1.0210E+00  1.4639E+00 -4.4287E-01 -4.0090E-01
  9.6346E-01  1.0872E+00 -1.2374E-01  4.4684E-01
  5.8073E-01  8.0745E-01 -2.2672E-01 -3.7437E-01
  9.7823E+01  9.9698E+01 -1.8753E+00  2.8704E-01
  0.0000E+00  0.0000E+00  0.0000E+00  0.0000E+00
  3.4106E+00  4.4184E+00 -1.0078E+00 -6.3203E-01
  2.4431E+00  2.4478E+00 -4.7388E-03 -1.1142E+00
  1.8067E+00  1.0426E+00  7.6408E-01  1.6334E+00
  7.4477E-01  3.9246E-01  3.5231E-01  2.5302E+00
  3.5124E-01  2.2487E-01  1.2637E-01  2.0610E+00
  1.3800E-01  1.6650E-01 -2.8499E-02 -5.7797E-01
  1.1440E+00  1.0272E+00  1.1683E-01 -1.1219E-01
  8.8118E+01  9.8919E+01 -1.0801E+01 -1.3383E+00
  1.1944E+00  1.1506E+00  4.3829E-02 -8.5750E-01
  1.3881E+00  1.1654E+00  2.2266E-01 -1.6871E-01
  1.0212E+02  9.8715E+01  3.4051E+00  1.2799E+00
  1.3890E+00  1.1671E+00  2.2185E-01 -1.8749E-01
  9.2123E+01  9.8712E+01 -6.5893E+00 -5.5399E-01
  5.4209E+00  5.5693E+00 -1.4844E-01  9.5045E-02
  3.9854E+00  3.5763E+00  4.0912E-01 -3.7080E-01
  3.3632E+00  2.1496E+00  1.2136E+00  1.4734E+00
  1.7549E+00  1.4718E+00  2.8315E-01 -3.6632E-01
  1.6900E+00  1.2773E+00  4.1272E-01  4.6172E-01
  1.4976E+00  1.1672E+00  3.3041E-01  2.7751E-01
  1.3585E+00  1.1672E+00  1.9127E-01 -3.1957E-01
  1.2643E+00  8.6039E-01  4.0391E-01  6.3921E-01
  8.2964E-01  6.3593E-01  1.9371E-01 -6.8594E-01
  9.9855E-01  4.7003E-01  5.2852E-01  2.3871E+00
  7.1795E+01  9.9698E+01 -2.7903E+01 -1.1968E+00
  0.0000E+00  0.0000E+00  0.0000E+00  0.0000E+00
  9.5173E+00  6.1835E+00  3.3338E+00  2.4230E+00
  3.9603E+00  2.9922E+00  9.6812E-01  2.0355E+00
  1.5069E+00  1.1988E+00  3.0807E-01  1.5186E+00
  5.6297E-01  5.4353E-01  1.9437E-02  1.9294E-01
  3.8242E-01  4.1481E-01 -3.2387E-02 -3.6930E-01
  3.7363E-01  3.7005E-01  3.5831E-03  1.0903E-01
  1.9281E+00  2.2168E+00 -2.8875E-01 -9.9243E-01
  7.0799E+01  9.6559E+01 -2.5760E+01 -7.2165E-01
  1.5774E+00  2.4471E+00 -8.6974E-01 -2.1646E+00
  6.9391E+01  9.5969E+01 -2.6578E+01 -8.4775E-01
  2.1915E+00  2.4711E+00 -2.7957E-01 -9.2498E-01
  7.7553E+01  9.5906E+01 -1.8353E+01  6.6544E-01
  2.2708E+00  2.4735E+00 -2.0265E-01 -7.6609E-01
  1.1586E+01  8.6234E+00  2.9626E+00  1.3581E+00
  6.1849E+00  5.3830E+00  8.0187E-01  7.9277E-01
  4.1477E+00  3.5418E+00  6.0592E-01  7.8339E-01
  2.8370E+00  2.8242E+00  1.2843E-02 -2.7408E-01
  2.3643E+00  2.6348E+00 -2.7048E-01 -8.6828E-01
  2.8809E+00  2.4735E+00  4.0739E-01  4.9053E-01
  2.7004E+00  2.4736E+00  2.2684E-01  1.1859E-01
  1.8039E+00  1.7894E+00  1.4456E-02 -3.0400E-01
  1.6178E+00  1.2949E+00  3.2287E-01  7.9035E-01
  9.9193E-01  9.3707E-01  5.4857E-02 -1.2536E-01
  1.5980E+02  9.9698E+01  6.0102E+01  1.0489E+00
  0.0000E+00  0.0000E+00  0.0000E+00  0.0000E+00
  2.5589E+00  4.9404E+00 -2.3815E+00 -2.4048E+00
  2.2452E+00  3.0078E+00 -7.6258E-01 -1.7541E+00
  1.3284E+00  1.4659E+00 -1.3749E-01 -1.3682E+00
  1.0085E+00  6.8341E-01  3.2509E-01  3.5488E-01
  9.4174E-01  4.5455E-01  4.8719E-01  2.0933E+00
  1.0041E+00  3.5677E-01  6.4733E-01  5.0901E+00
  3.1000E+00  1.9849E+00  1.1151E+00  1.9184E+00
  3.4486E+00  2.1506E+00  1.2980E+00  2.5084E+00
  1.6191E+02  9.6722E+01  6.5188E+01  1.8771E+00
  2.3655E+00  2.1645E+00  2.0102E-01 -3.5023E-02
  1.5729E+02  9.6688E+01  6.0602E+01  1.0288E+00
  2.3283E+00  2.1656E+00  1.6271E-01 -1.1801E-01
  1.5890E+02  9.6685E+01  6.2215E+01  1.3240E+00
  6.0579E+00  7.0714E+00 -1.0135E+00 -6.2962E-01
  4.4150E+00  5.0901E+00 -6.7515E-01 -9.4810E-01
  4.4717E+00  3.5019E+00  9.6978E-01  1.0413E+00
  3.0653E+00  2.6599E+00  4.0541E-01  2.3666E-01
  2.6505E+00  2.3734E+00  2.7705E-01  3.0283E-02
  2.6844E+00  2.1656E+00  5.1878E-01  7.1733E-01
  2.6214E+00  2.1656E+00  4.5576E-01  5.6966E-01
  1.6213E+00  1.5153E+00  1.0604E-01  4.7830E-01
  7.6804E-01  1.0633E+00 -2.9522E-01 -3.4783E-01
  3.9313E-01  7.4609E-01 -3.5296E-01 -2.4450E-01
  1.0718E+02  9.9698E+01  7.4817E+00  8.1757E-01
  0.0000E+00  0.0000E+00  0.0000E+00  0.0000E+00
  5.6216E+00  5.7712E+00 -1.4960E-01 -1.7463E-01
  4.4802E+00  3.0754E+00  1.4048E+00  1.6758E+00
  1.6078E+00  1.3736E+00  2.3420E-01 -5.8458E-01
  1.1085E+00  6.7690E-01  4.3160E-01  1.8545E+00
  5.6152E-01  5.1628E-01  4.5241E-02 -8.7131E-01
  4.6299E-01  4.4842E-01  1.4575E-02 -1.0564E+00
  3.1029E+00  2.2185E+00  8.8438E-01  2.4286E-01
  1.0007E+02  9.6555E+01  3.5150E+00  2.8054E-01
  3.5680E+00  2.3320E+00  1.2360E+00  7.5857E-01
  3.7518E+00  2.3378E+00  1.4140E+00  1.1223E+00
  9.9155E+01  9.6254E+01  2.9014E+00  2.0896E-01
  2.7667E+00  2.3381E+00  4.2857E-01 -1.0210E+00
  9.2329E+01  9.6253E+01 -3.9239E+00 -1.0435E+00
  9.4115E+00  8.0675E+00  1.3440E+00  3.3224E-01
  7.0504E+00  5.3111E+00  1.7393E+00  5.2979E-01
  5.3424E+00  3.5507E+00  1.7917E+00  9.4290E-01
  3.0887E+00  2.7782E+00  3.1045E-01 -1.3038E+00
  4.0331E+00  2.5446E+00  1.4885E+00  1.1021E+00
  3.4954E+00  2.3381E+00  1.1573E+00  5.6272E-01
  2.9820E+00  2.3381E+00  6.4386E-01 -5.5314E-01
  2.5262E+00  1.5283E+00  9.9791E-01  8.2835E-01
  1.4216E+00  9.9958E-01  4.2202E-01 -6.2759E-01
  9.1115E-01  6.5378E-01  2.5737E-01 -9.9986E-01
  8.9962E+01  9.9698E+01 -9.7363E+00 -1.3755E-01
  0.0000E+00  0.0000E+00  0.0000E+00  0.0000E+00
  4.1024E+00  5.9863E+00 -1.8839E+00 -1.2863E+00
  3.1634E+00  3.1629E+00  5.2184E-04  5.3413E-02
  1.1102E+00  1.4178E+00 -3.0760E-01 -8.8253E-01
  4.4739E-01  7.1832E-01 -2.7093E-01 -1.2336E+00
  4.5947E-01  5.6028E-01 -1.0081E-01  3.7112E-02
  3.6542E-01  4.9192E-01 -1.2650E-01 -3.1800E-01
  1.8999E+00  2.4585E+00 -5.5858E-01 -1.8778E-01
  2.0669E+00  2.5892E+00 -5.2232E-01 -3.2729E-02
  8.1189E+01  9.5589E+01 -1.4400E+01 -1.0962E+00
  2.3433E+00  2.5962E+00 -2.5288E-01  5.0146E-01
  9.0417E+01  9.5570E+01 -5.1527E+00  6.0015E-01
  2.0274E+00  2.5965E+00 -5.6914E-01 -1.1879E-01
  8.6020E+01  9.5569E+01 -9.5487E+00 -2.0668E-01
  7.9989E+00  8.5372E+00 -5.3834E-01  1.8488E-01
  4.9491E+00  5.6474E+00 -6.9833E-01 -2.5460E-01
  2.3092E+00  3.8380E+00 -1.5288E+00 -1.4421E+00
  2.4309E+00  3.0554E+00 -6.2452E-01 -1.5215E-01
  2.9427E+00  2.8172E+00  1.2554E-01  1.2006E+00
  1.6703E+00  2.5965E+00 -9.2625E-01 -8.1937E-01
  2.2798E+00  2.5966E+00 -3.1675E-01  3.7637E-01
  1.2177E+00  1.7068E+00 -4.8907E-01 -3.1431E-01
  8.1307E-01  1.1225E+00 -3.0939E-01 -1.4870E-01
  4.5290E-01  7.3819E-01 -2.8529E-01 -5.0915E-01
  1.0554E+02  9.9698E+01  5.8417E+00  1.3241E+00
  0.0000E+00  0.0000E+00  0.0000E+00  0.0000E+00
  6.3655E+00  6.1614E+00  2.0410E-01 -1.3137E+00
  2.3626E+00  2.8704E+00 -5.0783E-01 -1.4017E+00
  1.2793E+00  1.1154E+00  1.6386E-01 -3.3616E-01
  1.1843E+00  5.0651E-01  6.7779E-01  3.0452E+00
  9.2876E-01  3.9355E-01  5.3521E-01  1.6693E+00
  9.2557E-01  3.5324E-01  5.7233E-01  2.7089E+00
  3.7291E+00  2.0155E+00  1.7136E+00 -2.1888E-01
  4.5156E+00  2.1918E+00  2.3238E+00  7.0186E-01
  9.2236E+01  9.6621E+01 -4.3852E+00 -8.5911E-02
  3.5797E+00  2.2072E+00  1.3725E+00 -1.5600E+00
  9.0065E+01  9.6583E+01 -6.5181E+00 -4.6415E-01
  3.6932E+00  2.2085E+00  1.4847E+00 -1.3071E+00
  8.7183E+01  9.6580E+01 -9.3969E+00 -9.9104E-01
  1.2640E+01  8.3378E+00  4.3022E+00  6.8924E-01
  6.6851E+00  4.9998E+00  1.6853E+00 -3.7770E-01
  5.8092E+00  3.1990E+00  2.6102E+00  8.6301E-01
  5.4015E+00  2.5305E+00  2.8710E+00  1.4361E+00
  6.1328E+00  2.3596E+00  3.7732E+00  3.5469E+00
  4.0891E+00  2.2085E+00  1.8806E+00 -3.9672E-01
  5.4843E+00  2.2085E+00  3.2758E+00  2.8120E+00
  2.9121E+00  1.5589E+00  1.3532E+00 -7.2319E-01
  3.0577E+00  1.1007E+00  1.9570E+00  3.2116E+00
  1.2681E+00  7.7712E-01  4.9098E-01 -1.9145E+00
  9.4216E+01  9.9698E+01 -5.4823E+00  6.3971E-02
  0.0000E+00  0.0000E+00  0.0000E+00  0.0000E+00
  2.5610E+00  3.8472E+00 -1.2862E+00 -1.4688E+00
  2.0431E+00  2.5010E+00 -4.5790E-01 -9.9307E-01
  8.2096E-01  1.2487E+00 -4.2778E-01 -1.7917E+00
  5.4572E-01  5.1954E-01  2.6178E-02  4.1961E-01
  3.1155E-01  2.7006E-01  4.1493E-02  8.6625E-01
  1.4374E-01  1.5494E-01 -1.1201E-02 -6.0002E-01
  1.2462E+00  1.0400E+00  2.0621E-01  1.3192E+00
  9.0553E+01  9.8901E+01 -8.3483E+00 -4.7225E-01
  9.6747E-01  1.2366E+00 -2.6911E-01 -6.3063E-01
  1.1729E+00  1.2742E+00 -1.0134E-01  1.2453E-01
  9.7291E+01  9.8540E+01 -1.2487E+00  8.2555E-01
  1.1543E+00  1.2810E+00 -1.2670E-01  4.1247E-02
  8.7432E+01  9.8528E+01 -1.1096E+01 -9.8196E-01
  4.5758E+00  5.1100E+00 -5.3419E-01 -1.7961E-01
  3.2307E+00  3.7410E+00 -5.1034E-01 -5.4831E-01
  2.0908E+00  2.4687E+00 -3.7794E-01 -5.2211E-01
  1.5185E+00  1.7148E+00 -1.9630E-01 -1.4476E-01
  1.6507E+00  1.4417E+00  2.0900E-01  1.2411E+00
  1.0944E+00  1.2812E+00 -1.8684E-01 -1.9379E-01
  1.4964E+00  1.2815E+00  2.1495E-01  1.3814E+00
  5.8108E-01  1.0012E+00 -4.2016E-01 -1.3884E+00
  6.8453E-01  7.9068E-01 -1.0615E-01  1.6043E-01
  5.5807E-01  6.2441E-01 -6.6340E-02  4.4233E-01
  9.8042E+01  9.9698E+01 -1.6563E+00  1.0231E+00
  0.0000E+00  0.0000E+00  0.0000E+00  0.0000E+00
  9.2941E+00  1.2446E+01 -3.1517E+00 -1.1362E+00
  7.3469E+00  5.5386E+00  1.8083E+00  6.9230E-01
  2.4532E+00  2.0883E+00  3.6491E-01 -6.2984E-01
  9.3946E-01  9.6703E-01 -2.7574E-02 -1.2715E+00
  1.2650E+00  7.7278E-01  4.9222E-01  2.5956E+00
  8.5128E-01  6.9907E-01  1.5221E-01  4.5085E-01
  3.7330E+00  3.7987E+00 -6.5713E-02 -1.1861E+00
  7.9413E+01  9.1970E+01 -1.2557E+01 -6.0507E-01
  3.8307E+00  4.0762E+00 -2.4554E-01 -1.5796E+00
  5.7030E+00  4.0965E+00  1.6065E+00  6.9070E-01
  7.8417E+01  9.1012E+01 -1.2595E+01 -4.8161E-01
  5.2624E+00  4.0979E+00  1.1645E+00  1.4013E-01
  7.7278E+01  9.1007E+01 -1.3729E+01 -6.8836E-01
  1.6535E+01  1.6480E+01  5.4979E-02 -1.3919E-01
  1.1209E+01  9.4795E+00  1.7295E+00 -1.6968E-01
  7.7746E+00  5.9382E+00  1.8364E+00  1.9896E-01
  5.2635E+00  4.6989E+00  5.6465E-01 -6.7966E-01
  6.1148E+00  4.3902E+00  1.7246E+00  7.5189E-01
  5.6134E+00  4.0980E+00  1.5154E+00  5.7413E-01
  6.8581E+00  4.0980E+00  2.7601E+00  2.1135E+00
  3.3132E+00  2.8196E+00  4.9363E-01 -7.9231E-01
  3.0482E+00  1.9403E+00  1.1079E+00  6.9740E-01
  1.8022E+00  1.3352E+00  4.6703E-01 -5.4300E-01
  1.1496E+02  9.9698E+01  1.5262E+01  4.2959E-01
  0.0000E+00  0.0000E+00  0.0000E+00  0.0000E+00
  1.1310E+01  9.7877E+00  1.5223E+00  7.5064E-01
  4.1988E+00  5.1304E+00 -9.3160E-01 -1.2147E+00
  2.3553E+00  2.0967E+00  2.5857E-01  3.5230E-01
  6.5705E-01  8.1024E-01 -1.5319E-01 -1.0448E+00
  5.5250E-01  5.1166E-01  4.0835E-02  8.4155E-01
  2.6982E-01  4.1313E-01 -1.4331E-01 -1.1226E+00
  2.0952E+00  2.4698E+00 -3.7456E-01 -1.3283E+00
  1.0826E+02  9.5910E+01  1.2350E+01 -6.8143E-02
  2.6165E+00  2.7294E+00 -1.1286E-01 -1.0163E+00
  1.1074E+02  9.5202E+01  1.5538E+01  5.3740E-01
  3.5900E+00  2.7567E+00  8.3331E-01  6.6446E-01
  1.0957E+02  9.5125E+01  1.4445E+01  3.4052E-01
  2.7786E+00  2.7594E+00  1.9164E-02 -8.2799E-01
  9.6114E+00  1.2508E+01 -2.8971E+00 -1.4162E+00
  7.9600E+00  7.7959E+00  1.6413E-01 -2.5641E-01
  5.6633E+00  4.7088E+00  9.5450E-01  4.6676E-01
  4.5856E+00  3.3531E+00  1.2325E+00  1.1285E+00
  4.7790E+00  2.9872E+00  1.7918E+00  2.2359E+00
  4.0058E+00  2.7595E+00  1.2463E+00  1.4065E+00
  3.3990E+00  2.7596E+00  6.3944E-01  3.0110E-01
  2.8219E+00  1.9979E+00  8.2396E-01  6.9084E-01
  2.0996E+00  1.4485E+00  6.5112E-01  3.2856E-01
  1.5919E+00  1.0501E+00  5.4177E-01  9.1075E-02
  9.7021E+01  9.9698E+01 -2.6773E+00  1.2512E+00
  0.0000E+00  0.0000E+00  0.0000E+00  0.0000E+00
  1.5251E+01  1.2732E+01  2.5193E+00  5.2434E-01
  7.8015E+00  5.9391E+00  1.8624E+00  8.8630E-01
  3.6396E+00  2.3345E+00  1.3051E+00  1.6558E+00
  1.0274E+00  1.0907E+00 -6.3324E-02 -8.6422E-01
  8.9662E-01  8.6095E-01  3.5673E-02  3.9519E-01
  6.5145E-01  7.7742E-01 -1.2597E-01 -5.8526E-01
  6.0187E+00  4.5251E+00  1.4936E+00 -5.3459E-01
  6.7407E+01  8.9612E+01 -2.2205E+01 -1.2935E+00
  8.4352E+00  4.9495E+00  3.4857E+00  8.1446E-01
  7.1946E+01  8.8218E+01 -1.6272E+01  1.0499E-01
  7.3082E+00  4.9893E+00  2.3189E+00 -5.0982E-01
  6.4463E+01  8.8087E+01 -2.3624E+01 -1.1962E+00
  8.4993E+00  4.9929E+00  3.5064E+00  6.8700E-01
  2.4452E+01  1.7654E+01  6.7978E+00  8.7614E-01
  1.6403E+01  1.0758E+01  5.6446E+00  1.1205E+00
  1.0304E+01  7.0529E+00  3.2511E+00  2.8406E-02
  7.8619E+00  5.6781E+00  2.1838E+00 -6.9815E-01
  7.6370E+00  5.3209E+00  2.3161E+00 -5.2357E-01
  6.4259E+00  4.9930E+00  1.4329E+00 -1.4291E+00
  7.2956E+00  4.9931E+00  2.3025E+00 -5.4218E-01
  6.9276E+00  3.5601E+00  3.3675E+00  8.6718E-01
  5.7100E+00  2.5389E+00  3.1711E+00  1.2142E+00
  4.0779E+00  1.8106E+00  2.2673E+00  1.7665E-01
  1.0835E+02  9.9698E+01  8.6517E+00  9.4204E-01
  0.0000E+00  0.0000E+00  0.0000E+00  0.0000E+00
  1.3249E+01  1.0545E+01  2.7036E+00  5.2431E-01
  7.0331E+00  5.8029E+00  1.2302E+00  1.1756E+00
  2.2752E+00  2.5162E+00 -2.4104E-01 -4.2047E-01
  1.1169E+00  1.0412E+00  7.5679E-02  9.9800E-02
  6.5904E-01  6.7371E-01 -1.4667E-02 -5.9742E-01
  6.2665E-01  5.4483E-01  8.1815E-02  2.8210E-01
  4.5192E+00  3.5146E+00  1.0046E+00 -7.3978E-02
  9.3518E+01  9.2866E+01  6.5157E-01 -7.0943E-02
  4.7500E+00  3.9932E+00  7.5683E-01 -8.7722E-01
  6.4279E+00  4.0584E+00  2.3695E+00  1.0559E+00
  9.1918E+01  9.1135E+01  7.8302E-01  1.4667E-01
  5.6447E+00  4.0669E+00  1.5778E+00  4.5318E-02
  8.6693E+01  9.1108E+01 -4.4147E+00 -8.0161E-01
  1.8378E+01  1.4561E+01  3.8167E+00  3.3433E-01
  1.0385E+01  9.7462E+00  6.3881E-01 -4.2681E-01
  8.2148E+00  6.3894E+00  1.8254E+00  3.2832E-01
  5.7958E+00  4.8233E+00  9.7246E-01 -6.3213E-01
  6.1020E+00  4.3671E+00  1.7349E+00  1.9316E-01
  7.3360E+00  4.0671E+00  3.2689E+00  2.1554E+00
  4.7038E+00  4.0673E+00  6.3646E-01 -1.1308E+00
  4.4732E+00  3.0554E+00  1.4178E+00  9.8286E-03
  3.3523E+00  2.2986E+00  1.0537E+00 -4.2755E-01
  3.2769E+00  1.7293E+00  1.5476E+00  1.1082E+00
  1.0454E+02  9.9698E+01  4.8417E+00 -1.0345E+00
  0.0000E+00  0.0000E+00  0.0000E+00  0.0000E+00
  1.1689E+01  1.3482E+01 -1.7932E+00 -7.1279E-01
  3.6039E+00  5.6945E+00 -2.0906E+00 -9.9856E-01
  1.6494E+00  2.1438E+00 -4.9437E-01  2.4633E-01
  1.0633E+00  1.0919E+00 -2.8584E-02  7.9980E-01
  8.7713E-01  9.2349E-01 -4.6358E-02  3.1834E-01
  7.4260E-01  8.4745E-01 -1.0485E-01 -9.0518E-02
  3.8386E+00  4.5125E+00 -6.7392E-01  5.5308E-01
  3.3579E+00  4.8176E+00 -1.4597E+00 -6.3566E-02
  1.1314E+02  8.8651E+01  2.4489E+01  1.8108E+00
  4.3836E+00  4.8382E+00 -4.5460E-01  1.0230E+00
  1.0138E+02  8.8583E+01  1.2797E+01 -3.5105E-01
  3.4006E+00  4.8395E+00 -1.4389E+00 -9.4491E-03
  1.0708E+02  8.8579E+01  1.8501E+01  6.9440E-01
  1.8721E+01  1.8245E+01  4.7640E-01  5.7998E-01
  6.4464E+00  1.0344E+01 -3.8972E+00 -8.2083E-01
  4.3488E+00  6.6823E+00 -2.3335E+00 -3.1961E-01
  3.0755E+00  5.4872E+00 -2.4117E+00 -7.9558E-01
  3.2823E+00  5.1801E+00 -1.8978E+00 -4.1886E-01
  3.2901E+00  4.8396E+00 -1.5495E+00 -1.2555E-01
  3.5614E+00  4.8396E+00 -1.2782E+00  1.5961E-01
  2.9115E+00  3.2933E+00 -3.8184E-01  1.2177E+00
  1.1634E+00  2.2413E+00 -1.0779E+00 -1.7883E-01
  9.5256E-01  1.5253E+00 -5.7271E-01  5.5645E-01
  1.0239E+02  9.9698E+01  2.6917E+00 -6.3918E-01
  0.0000E+00  0.0000E+00  0.0000E+00  0.0000E+00
  1.2311E+01  8.8231E+00  3.4879E+00  1.7436E+00
  5.4819E+00  5.0266E+00  4.5525E-01  3.6884E-01
  3.4522E+00  2.2035E+00  1.2487E+00  2.5287E+00
  1.0544E+00  8.4621E-01  2.0819E-01 -2.2900E-01
  7.0611E-01  4.7934E-01  2.2677E-01  8.1136E-03
  6.1072E-01  3.4606E-01  2.6466E-01  1.0232E+00
  3.3462E+00  2.1856E+00  1.1606E+00  1.3001E+00
  3.2725E+00  2.4731E+00  7.9940E-01  5.3153E-01
  9.2798E+01  9.5901E+01 -3.1027E+00 -1.6307E+00
  2.6768E+00  2.5111E+00  1.6574E-01 -6.9648E-01
  1.0880E+02  9.5800E+01  1.3000E+01  1.3219E+00
  3.2725E+00  2.5158E+00  7.5668E-01  4.9397E-01
  1.0983E+02  9.5787E+01  1.4043E+01  1.5127E+00
  1.0555E+01  1.1305E+01 -7.4978E-01 -7.7746E-01
  6.7210E+00  7.4613E+00 -7.4027E-01 -8.5302E-01
  5.9648E+00  4.5935E+00  1.3713E+00  9.8248E-01
  3.1423E+00  3.1790E+00 -3.6664E-02 -9.9554E-01
  4.3587E+00  2.7564E+00  1.6023E+00  1.9022E+00
  3.2574E+00  2.5160E+00  7.4145E-01  4.6391E-01
  2.9579E+00  2.5161E+00  4.4183E-01 -1.3305E-01
  2.1998E+00  1.8779E+00  3.2189E-01  1.3720E-01
  1.3789E+00  1.4062E+00 -2.7346E-02 -4.1461E-01
  9.2602E-01  1.0530E+00 -1.2702E-01 -4.6514E-01
  1.0589E+02  9.9698E+01  6.1917E+00 -2.0207E-01
  0.0000E+00  0.0000E+00  0.0000E+00  0.0000E+00
  8.8330E+00  1.4807E+01 -5.9737E+00 -7.1258E-01
  9.5256E+00  6.8135E+00  2.7121E+00  1.0458E+00
  3.4440E+00  2.8087E+00  6.3529E-01 -3.5810E-01
  1.4774E+00  1.5100E+00 -3.2602E-02  5.5244E-02
  1.0693E+00  1.2838E+00 -2.1451E-01  1.0212E-01
  1.0330E+00  1.1929E+00 -1.5989E-01  5.1174E-01
  3.7511E+00  7.7485E+00 -3.9974E+00 -6.4597E-01
  8.8038E+01  7.9599E+01  8.4391E+00 -1.0686E+00
  3.5747E+00  8.7988E+00 -5.2241E+00 -6.8443E-01
  9.9748E+01  7.6841E+01  2.2907E+01  1.2933E+00
  3.8441E+00  8.9412E+00 -5.0971E+00 -4.6711E-01
  9.7927E+01  7.6491E+01  2.1436E+01  9.5536E-01
  4.1714E+00  8.9595E+00 -4.7881E+00 -2.6489E-01
  1.5859E+01  2.3660E+01 -7.8009E+00 -9.4037E-02
  1.2963E+01  1.5510E+01 -2.5469E+00  1.3958E-01
  9.9854E+00  1.1351E+01 -1.3659E+00  1.0122E+00
  4.3222E+00  9.8518E+00 -5.5296E+00 -6.8782E-01
  5.5255E+00  9.4295E+00 -3.9040E+00  2.5219E-01
  3.9086E+00  8.9601E+00 -5.0515E+00 -4.1579E-01
  3.5264E+00  8.9605E+00 -5.4341E+00 -6.3549E-01
  1.8075E+00  6.7348E+00 -4.9273E+00 -7.5079E-01
  1.8209E+00  5.0623E+00 -3.2414E+00  1.6037E-01
  1.1916E+00  3.8051E+00 -2.6135E+00  3.5504E-01
  1.0922E+02  9.9698E+01  9.5217E+00  1.7026E+00
  0.0000E+00  0.0000E+00  0.0000E+00  0.0000E+00
  7.0107E+00  9.2747E+00 -2.2640E+00 -1.1230E+00
  4.7928E+00  5.9501E+00 -1.1573E+00 -1.1686E+00
  2.3566E+00  3.0282E+00 -6.7162E-01 -1.1999E+00
  9.8529E-01  1.4193E+00 -4.3396E-01 -1.2107E+00
  8.2670E-01  9.0127E-01 -7.4573E-02  4.0973E-01
  6.6598E-01  6.6477E-01  1.2116E-03  1.0832E+00
  3.6589E+00  3.8654E+00 -2.0651E-01 -4.2437E-02
  8.9785E+01  9.1757E+01 -1.9717E+00 -3.5490E-01
  3.6635E+00  4.2579E+00 -5.9442E-01 -6.9379E-01
  3.5053E+00  4.2980E+00 -7.9269E-01 -9.5748E-01
  8.3039E+01  9.0356E+01 -7.3168E+00 -1.2695E+00
  5.1341E+00  4.3019E+00  8.3220E-01  9.5764E-01
  8.9696E+01  9.0343E+01 -6.4707E-01 -4.3917E-02
  1.2239E+01  1.3510E+01 -1.2706E+00 -4.4248E-01
  1.0636E+01  1.0093E+01  5.4301E-01  1.6918E-01
  6.4804E+00  7.0849E+00 -6.0449E-01 -5.7501E-01
  4.6529E+00  5.3659E+00 -7.1300E-01 -7.3144E-01
  5.4589E+00  4.7417E+00  7.1715E-01  7.6831E-01
  4.1678E+00  4.3020E+00 -1.3420E-01 -1.8398E-01
  3.3688E+00  4.3021E+00 -9.3328E-01 -1.1279E+00
  2.9986E+00  3.0903E+00 -9.1698E-02 -4.5070E-01
  3.0963E+00  2.2306E+00  8.6567E-01  1.1840E+00
  2.1067E+00  1.6101E+00  4.9659E-01  4.5540E-01
  7.2263E+01  9.9698E+01 -2.7435E+01 -5.8430E-01
  0.0000E+00  0.0000E+00  0.0000E+00  0.0000E+00
  8.0397E+00  1.0133E+01 -2.0934E+00  6.9614E-02
  5.4557E+00  5.3358E+00  1.1986E-01 -7.1355E-01
  3.4287E+00  2.2029E+00  1.2258E+00  1.1897E+00
  1.8164E+00  8.7202E-01  9.4438E-01  4.6653E+00
  7.0010E-01  5.6214E-01  1.3796E-01  1.3671E+00
  3.4895E-01  4.5872E-01 -1.0977E-01 -5.6309E-01
  1.4948E+00  2.7792E+00 -1.2844E+00 -1.2967E+00
  7.0366E+01  9.5062E+01 -2.4696E+01 -2.2079E-01
  1.5694E+00  3.0846E+00 -1.5152E+00 -1.4212E+00
  6.5479E+01  9.4177E+01 -2.8698E+01 -9.5663E-01
  2.0249E+00  3.1182E+00 -1.0933E+00 -7.0575E-01
  2.0053E+00  3.1217E+00 -1.1164E+00 -7.4058E-01
  6.7734E+01  9.4066E+01 -2.6332E+01 -5.1964E-01
  9.3085E+00  1.3212E+01 -3.9036E+00 -5.8471E-01
  8.7536E+00  8.3535E+00  4.0012E-01  1.3551E-01
  5.4783E+00  5.1613E+00  3.1698E-01  3.3097E-01
  3.0648E+00  3.7535E+00 -6.8874E-01 -2.4799E-01
  2.8720E+00  3.3689E+00 -4.9690E-01  2.2827E-01
  2.0711E+00  3.1218E+00 -1.0507E+00 -6.3440E-01
  2.7341E+00  3.1219E+00 -3.8776E-01  4.3610E-01
  1.7568E+00  2.2748E+00 -5.1797E-01 -1.6492E-02
  1.2133E+00  1.6596E+00 -4.4629E-01 -1.1763E-01
  1.0735E+00  1.2108E+00 -1.3728E-01  6.6910E-01
  1.0699E+02  9.9698E+01  7.2917E+00  5.1780E-01
  0.0000E+00  0.0000E+00  0.0000E+00  0.0000E+00
  5.3172E+00  1.0744E+01 -5.4265E+00 -1.1382E+00
  5.8106E+00  5.6219E+00  1.8870E-01  1.2567E-02
  2.5160E+00  2.3317E+00  1.8435E-01  1.8573E-02
  9.7693E-01  9.5750E-01  1.9429E-02  5.5690E-01
  6.0317E-01  6.4356E-01 -4.0387E-02  5.4069E-01
  7.5765E-01  5.3810E-01  2.1955E-01  3.0586E+00
  1.3407E+00  3.3034E+00 -1.9627E+00 -2.0983E-01
  1.0452E+02  9.3518E+01  1.1002E+01  4.9145E-01
  1.1149E+00  3.6811E+00 -2.5662E+00 -3.2303E-01
  9.6835E+01  9.2344E+01  4.4915E+00 -9.0994E-01
  1.1741E+00  3.7243E+00 -2.5502E+00 -1.7301E-01
  1.0472E+02  9.2207E+01  1.2513E+01  5.2748E-01
  1.1159E+00  3.7290E+00 -2.6131E+00 -2.3986E-01
  6.5139E+00  1.4423E+01 -7.9092E+00 -1.0934E+00
  4.4634E+00  9.2296E+00 -4.7662E+00 -1.6190E+00
  3.5800E+00  5.8699E+00 -2.2899E+00 -1.3075E-01
  1.3952E+00  4.4055E+00 -3.0103E+00 -6.5107E-01
  1.3841E+00  4.0037E+00 -2.6196E+00 -1.6799E-01
  1.0014E+00  3.7292E+00 -2.7278E+00 -3.9492E-01
  1.0656E+00  3.7293E+00 -2.6637E+00 -3.0739E-01
  2.8579E-01  2.7335E+00 -2.4477E+00 -5.3903E-01
  1.2524E-01  2.0056E+00 -1.8803E+00 -5.4828E-02
  4.6670E-02  1.4715E+00 -1.4248E+00  4.7284E-01
  9.5275E+01  9.9698E+01 -4.4233E+00 -4.8672E-01
  0.0000E+00  0.0000E+00  0.0000E+00  0.0000E+00
  7.0872E+00  1.0464E+01 -3.3764E+00 -8.4671E-01
  6.4213E+00  5.6442E+00  7.7705E-01  7.9273E-02
  2.1726E+00  2.3978E+00 -2.2516E-01 -1.4933E+00
  8.4524E-01  9.7856E-01 -1.3332E-01 -1.0211E+00
  5.0446E-01  6.3613E-01 -1.3167E-01 -7.1270E-01
  6.1086E-01  5.1860E-01  9.2261E-02  1.5734E+00
  2.4682E+00  3.2596E+00 -7.9137E-01 -8.5121E-01
  9.4765E+01  9.3652E+01  1.1135E+00  3.9072E-01
  3.4796E+00  3.6656E+00 -1.8603E-01 -1.5304E-02
  9.1401E+01  9.2392E+01 -9.9144E-01  2.0232E-02
  3.7503E+00  3.7163E+00  3.4012E-02  2.5125E-01
  9.0849E+01  9.2232E+01 -1.3831E+00 -4.4474E-02
  3.6615E+00  3.7223E+00 -6.0797E-02  1.1528E-01
  9.3962E+00  1.4138E+01 -4.7414E+00 -1.1037E+00
  1.0650E+01  9.2490E+00  1.4010E+00  5.2569E-01
  6.1257E+00  5.9357E+00  1.9002E-01 -1.3954E-01
  4.5344E+00  4.4297E+00  1.0469E-01  1.6754E-01
  4.3989E+00  4.0028E+00  3.9612E-01  6.8997E-01
  4.4697E+00  3.7225E+00  7.4724E-01  1.2144E+00
  4.6149E+00  3.7226E+00  8.9229E-01  1.4115E+00
  2.4180E+00  2.7615E+00 -3.4350E-01 -6.2917E-01
  2.1256E+00  2.0512E+00  7.4372E-02 -5.2803E-02
  1.4917E+00  1.5236E+00 -3.1942E-02 -4.7579E-01
  1.2465E+02  9.9698E+01  2.4952E+01  5.2241E-01
  0.0000E+00  0.0000E+00  0.0000E+00  0.0000E+00
  6.3252E+00  6.2242E+00  1.0100E-01  2.7474E-01
  4.4433E+00  4.3085E+00  1.3475E-01  3.0220E-01
  2.5440E+00  2.3025E+00  2.4148E-01  6.9420E-01
  1.1329E+00  1.0267E+00  1.0620E-01  8.0010E-01
  5.8726E-01  5.3983E-01  4.7433E-02  9.5085E-01
  2.4214E-01  2.8181E-01 -3.9666E-02  1.2722E-01
  1.4237E+00  1.5269E+00 -1.0320E-01  3.2974E-01
  1.2321E+02  9.8086E+01  2.5124E+01  5.0268E-01
  1.2217E+00  1.6933E+00 -4.7159E-01 -7.3037E-01
  1.4734E+00  1.7119E+00 -2.3850E-01 -3.7181E-02
  1.2483E+02  9.7716E+01  2.7114E+01  8.4298E-01
  1.4179E+00  1.7139E+00 -2.9598E-01 -2.0246E-01
  1.2179E+02  9.7712E+01  2.4078E+01  2.8528E-01
  7.5834E+00  7.9010E+00 -3.1763E-01  6.0369E-02
  4.4985E+00  5.9408E+00 -1.4423E+00 -1.0302E+00
  4.1614E+00  3.8974E+00  2.6398E-01  7.6236E-01
  2.3602E+00  2.5773E+00 -2.1707E-01  1.0958E-01
  1.5576E+00  2.0493E+00 -4.9167E-01 -5.8226E-01
  1.4716E+00  1.7139E+00 -2.4233E-01 -4.7367E-02
  1.1864E+00  1.7140E+00 -5.2758E-01 -8.7178E-01
  1.0973E+00  1.2247E+00 -1.2737E-01  1.0809E-01
  8.7657E-01  8.9559E-01 -1.9022E-02  4.2593E-01
  7.5497E-01  6.5494E-01  1.0003E-01  1.0759E+00
  1.1199E+02  9.9698E+01  1.2292E+01 -1.0416E+00
  0.0000E+00  0.0000E+00  0.0000E+00  0.0000E+00
  4.8764E+00  9.9101E+00 -5.0337E+00 -1.3069E+00
  6.8547E+00  5.8587E+00  9.9600E-01 -2.2457E-01
  4.4817E+00  2.7768E+00  1.7049E+00  1.1589E+00
  1.5783E+00  1.2752E+00  3.0310E-01  7.0432E-03
  1.2413E+00  8.5655E-01  3.8475E-01  2.5475E+00
  5.3552E-01  6.8273E-01 -1.4721E-01 -1.3656E-01
  3.5835E+00  3.6398E+00 -5.6313E-02 -1.5681E-01
  1.1140E+02  9.2474E+01  1.8926E+01 -8.1517E-03
  4.5032E+00  3.8968E+00  6.0643E-01  4.5670E-01
  1.1774E+02  9.1656E+01  2.6084E+01  1.3187E+00
  3.5892E+00  3.9150E+00 -3.2576E-01 -7.8996E-01
  1.1863E+02  9.1598E+01  2.7032E+01  1.4959E+00
  4.4187E+00  3.9162E+00  5.0250E-01  2.7794E-01
  9.9508E+00  1.3761E+01 -3.8097E+00 -5.2987E-01
  1.0207E+01  9.6163E+00  5.9072E-01 -2.9700E-01
  7.8695E+00  6.4455E+00  1.4240E+00  2.5092E-01
  7.5983E+00  4.8296E+00  2.7687E+00  2.4051E+00
  4.6534E+00  4.3005E+00  3.5287E-01  5.3189E-02
  5.3056E+00  3.9162E+00  1.3894E+00  1.4249E+00
  4.7382E+00  3.9162E+00  8.2195E-01  6.9092E-01
  3.6094E+00  2.6763E+00  9.3314E-01  6.1871E-01
  2.4442E+00  1.8333E+00  6.1092E-01 -2.0459E-01
  2.6212E+00  1.2558E+00  1.3654E+00  2.2456E+00
  7.9393E+01  9.9698E+01 -2.0305E+01  9.7929E-01
  0.0000E+00  0.0000E+00  0.0000E+00  0.0000E+00
  1.1981E+01  1.1037E+01  9.4400E-01  4.1265E-01
  7.4070E+00  5.7800E+00  1.6270E+00  1.2075E+00
  3.0199E+00  2.5145E+00  5.0543E-01  5.0492E-01
  1.2360E+00  1.1956E+00  4.0418E-02 -3.3648E-01
  1.2639E+00  8.9670E-01  3.6720E-01  1.8029E+00
  6.6331E-01  7.7228E-01 -1.0897E-01 -1.0263E+00
  4.1222E+00  3.6380E+00  4.8423E-01  7.4394E-02
  5.7020E+01  9.2480E+01 -3.5460E+01 -1.4429E+00
  3.9910E+00  3.7900E+00  2.0097E-01 -3.9557E-01
  5.8076E+01  9.1998E+01 -3.3922E+01 -1.1020E+00
  3.9433E+00  3.7964E+00  1.4691E-01 -4.7261E-01
  5.8901E+01  9.1977E+01 -3.3076E+01 -9.4280E-01
  3.1863E+00  3.7967E+00 -6.1035E-01 -1.4811E+00
  1.5110E+01  1.4761E+01  3.4881E-01 -1.7114E-01
  1.0070E+01  9.3993E+00  6.7067E-01 -1.5360E-01
  5.8220E+00  6.0324E+00 -2.1044E-01 -8.6366E-01
  4.9413E+00  4.5830E+00  3.5828E-01 -2.7399E-01
  4.6065E+00  4.1585E+00  4.4800E-01 -1.1092E-01
  3.1274E+00  3.7967E+00 -6.6926E-01 -1.5595E+00
  5.0712E+00  3.7967E+00  1.2745E+00  1.0284E+00
  3.2721E+00  2.4109E+00  8.6125E-01  9.3501E-01
  1.8363E+00  1.5319E+00  3.0437E-01  6.9668E-02
  1.0452E+00  9.7344E-01  7.1764E-02 -5.0304E-01
  7.5292E+01  9.9698E+01 -2.4406E+01 -2.5112E+00
  0.0000E+00  0.0000E+00  0.0000E+00  0.0000E+00
  7.5633E+00  9.9765E+00 -2.4132E+00 -8.4154E-01
  3.5361E+00  5.5621E+00 -2.0260E+00 -1.9792E+00
  1.6650E+00  2.4977E+00 -8.3267E-01 -1.6549E+00
  9.9158E-01  1.1216E+00 -1.3005E-01 -1.0890E+00
  1.2952E+00  7.7266E-01  5.2254E-01  2.2414E+00
  1.2278E+00  6.3334E-01  5.9446E-01  3.1527E+00
  3.7364E+00  3.1210E+00  6.1540E-01  1.3718E+00
  8.9075E+01  9.4068E+01 -4.9934E+00  7.7722E-01
  2.5897E+00  3.2806E+00 -6.9086E-01 -5.3318E-01
  3.4573E+00  3.2887E+00  1.6856E-01  8.0338E-01
  8.9001E+01  9.3563E+01 -4.5619E+00  8.1795E-01
  4.1075E+00  3.2891E+00  8.1836E-01  1.8001E+00
  8.4190E+01  9.3562E+01 -9.3716E+00 -6.4945E-02
  7.2929E+00  1.3205E+01 -5.9125E+00 -1.7873E+00
  6.8332E+00  8.7047E+00 -1.8715E+00 -8.6419E-01
  4.6350E+00  5.5575E+00 -9.2248E-01 -4.5651E-01
  4.4086E+00  4.0749E+00  3.3372E-01  9.2470E-01
  4.1155E+00  3.6232E+00  4.9229E-01  1.2030E+00
  3.6182E+00  3.2891E+00  3.2905E-01  1.0503E+00
  2.9653E+00  3.2892E+00 -3.2385E-01  4.9968E-02
  2.3768E+00  2.1479E+00  2.2891E-01  1.4160E+00
  7.7778E-01  1.4049E+00 -6.2710E-01 -5.7309E-01
  3.7891E-01  9.1890E-01 -5.3999E-01 -4.4443E-01
  1.1339E+02  9.9698E+01  1.3692E+01  8.6185E-01
  0.0000E+00  0.0000E+00  0.0000E+00  0.0000E+00
  1.8365E+01  1.3302E+01  5.0633E+00  1.5953E+00
  6.4744E+00  5.9962E+00  4.7825E-01  9.0864E-01
  2.5534E+00  2.3368E+00  2.1661E-01  1.0383E+00
  9.3638E-01  1.1459E+00 -2.0952E-01 -9.2789E-01
  1.0508E+00  9.3824E-01  1.1256E-01  4.5743E-01
  9.5316E-01  8.5681E-01  9.6354E-02  3.6786E-01
  4.7188E+00  4.9093E+00 -1.9050E-01 -4.0888E-01
  9.6647E+01  8.8350E+01  8.2974E+00  5.1233E-03
  3.9374E+00  5.3442E+00 -1.4068E+00 -1.5302E+00
  1.0213E+02  8.6926E+01  1.5204E+01  1.2657E+00
  5.7746E+00  5.3827E+00  3.9191E-01  1.9500E-01
  8.7976E+01  8.6800E+01  1.1760E+00 -1.3111E+00
  5.6182E+00  5.3860E+00  2.3223E-01  4.3939E-02
  2.0715E+01  1.8610E+01  2.1048E+00  2.2653E-01
  1.2281E+01  1.1191E+01  1.0902E+00  6.8924E-01
  6.5127E+00  7.4201E+00 -9.0744E-01 -5.7929E-01
  4.6165E+00  6.0847E+00 -1.4682E+00 -1.3804E+00
  4.9120E+00  5.7365E+00 -8.2453E-01 -9.1588E-01
  6.5294E+00  5.3860E+00  1.1434E+00  9.0705E-01
  6.1012E+00  5.3861E+00  7.1509E-01  5.0136E-01
  4.0989E+00  3.8093E+00  2.8956E-01  2.5635E-01
  3.1219E+00  2.6945E+00  4.2740E-01  6.6097E-01
  1.6672E+00  1.9059E+00 -2.3873E-01 -5.4483E-01
  1.0157E+02  9.9698E+01  1.8717E+00 -5.3880E-04
  0.0000E+00  0.0000E+00  0.0000E+00  0.0000E+00
  9.8058E+00  1.0823E+01 -1.0175E+00  6.2915E-02
  5.2800E+00  5.7423E+00 -4.6233E-01 -2.4532E-01
  1.8314E+00  2.4159E+00 -5.8447E-01 -8.5458E-01
  1.3064E+00  1.0016E+00  3.0484E-01  3.0835E+00
  4.6499E-01  6.7133E-01 -2.0634E-01  5.3401E-01
  1.9100E-01  5.5911E-01 -3.6811E-01 -1.0530E+00
  1.3803E+00  3.4976E+00 -2.1173E+00 -1.3341E+00
  1.0519E+02  9.2919E+01  1.2271E+01  1.4948E+00
  2.3011E+00  3.9242E+00 -1.6231E+00 -4.3136E-01
  2.5714E+00  3.9763E+00 -1.4049E+00 -1.4192E-01
  9.5448E+01  9.1400E+01  4.0476E+00 -1.0001E-01
  2.3320E+00  3.9823E+00 -1.6503E+00 -4.5485E-01
  8.9986E+01  9.1381E+01 -1.3948E+00 -1.1002E+00
  1.1427E+01  1.4754E+01 -3.3269E+00 -4.4346E-01
  6.5886E+00  9.5986E+00 -3.0100E+00 -9.6655E-01
  4.7252E+00  6.2000E+00 -1.4748E+00 -1.0336E-01
  3.0387E+00  4.6920E+00 -1.6533E+00 -2.7208E-01
  2.5123E+00  4.2705E+00 -1.7582E+00 -4.5907E-01
  2.4730E+00  3.9825E+00 -1.5095E+00 -2.7548E-01
  2.7062E+00  3.9827E+00 -1.2765E+00  2.1319E-02
  2.0348E+00  2.9462E+00 -9.1139E-01 -2.3676E-03
  1.6550E+00  2.1817E+00 -5.2672E-01  1.9887E-01
  1.6511E+00  1.6156E+00  3.5491E-02  1.1993E+00
  1.5665E+02  9.9698E+01  5.6952E+01  1.3515E+00
  0.0000E+00  0.0000E+00  0.0000E+00  0.0000E+00
  5.8312E+00  1.1354E+01 -5.5225E+00 -1.5341E+00
  4.3541E+00  6.3066E+00 -1.9525E+00 -1.5214E+00
  2.0849E+00  2.7946E+00 -7.0975E-01 -1.0368E+00
  1.1250E+00  1.2163E+00 -9.1297E-02  6.1066E-01
  7.6535E-01  8.2195E-01 -5.6601E-02  8.9950E-01
  4.8268E-01  6.8188E-01 -1.9920E-01 -2.5606E-01
  2.8630E+00  4.6367E+00 -1.7737E+00  4.6742E-01
  2.5599E+00  5.3803E+00 -2.8204E+00  2.0206E-01
  1.5194E+02  8.6808E+01  6.5132E+01  1.2405E+00
  2.4092E+00  5.4997E+00 -3.0905E+00  1.4555E-01
  1.4887E+02  8.6420E+01  6.2450E+01  6.3102E-01
  2.2124E+00  5.5178E+00 -3.3054E+00 -1.3236E-02
  1.5540E+02  8.6361E+01  6.9039E+01  1.8157E+00
  8.3728E+00  1.6809E+01 -8.4358E+00 -9.9730E-01
  6.4714E+00  1.1671E+01 -5.1998E+00 -8.5107E-01
  4.1901E+00  8.0716E+00 -3.8815E+00 -3.6323E-01
  2.4883E+00  6.3793E+00 -3.8910E+00 -3.9658E-01
  3.0143E+00  5.8737E+00 -2.8594E+00  4.4684E-01
  2.1015E+00  5.5184E+00 -3.4169E+00 -1.1504E-01
  2.2134E+00  5.5189E+00 -3.3055E+00 -1.0412E-02
  9.9177E-01  4.2451E+00 -3.2533E+00 -3.5045E-01
  1.0136E+00  3.2690E+00 -2.2554E+00  4.8708E-01
  5.4813E-01  2.5174E+00 -1.9693E+00  4.8573E-01
  1.2568E+02  9.9698E+01  2.5982E+01  1.0936E+00
  0.0000E+00  0.0000E+00  0.0000E+00  0.0000E+00
  7.4537E+00  8.8241E+00 -1.3704E+00 -6.4148E-01
  2.6316E+00  5.5465E+00 -2.9149E+00 -2.2278E+00
  1.8404E+00  2.7479E+00 -9.0750E-01 -5.0605E-01
  8.4241E-01  1.2388E+00 -3.9640E-01  1.8391E-02
  5.3100E-01  7.6531E-01 -2.3431E-01  3.8189E-02
  4.4268E-01  5.5525E-01 -1.1257E-01  2.7908E-01
  2.1687E+00  3.0613E+00 -8.9262E-01  5.6405E-01
  1.1730E+02  9.4246E+01  2.3054E+01  1.0937E-01
  1.9500E+00  3.3187E+00 -1.3687E+00  1.9473E-01
  1.6763E+00  3.3404E+00 -1.6641E+00 -1.9752E-01
  1.2004E+02  9.3405E+01  2.6635E+01  6.1731E-01
  1.9620E+00  3.3422E+00 -1.3802E+00  2.3773E-01
  1.1782E+02  9.3400E+01  2.4420E+01  2.0889E-01
  9.3888E+00  1.2110E+01 -2.7211E+00 -4.6776E-01
  4.9291E+00  8.7551E+00 -3.8260E+00 -1.1355E+00
  3.8925E+00  5.8843E+00 -1.9918E+00  7.6198E-03
  1.8053E+00  4.2833E+00 -2.4780E+00 -8.2301E-01
  1.3736E+00  3.7213E+00 -2.3477E+00 -9.5278E-01
  1.6753E+00  3.3422E+00 -1.6669E+00 -1.9510E-01
  1.6835E+00  3.3423E+00 -1.6588E+00 -1.8262E-01
  1.0808E+00  2.3362E+00 -1.2554E+00  1.1494E-01
  6.1457E-01  1.6414E+00 -1.0269E+00  1.5541E-01
  4.1554E-01  1.1533E+00 -7.3778E-01  4.8662E-01
  9.6620E+01  9.9698E+01 -3.0783E+00 -7.4379E-01
  0.0000E+00  0.0000E+00  0.0000E+00  0.0000E+00
  7.2155E+00  1.0948E+01 -3.7323E+00 -1.3043E+00
  5.5904E+00  5.6934E+00 -1.0297E-01 -1.2102E+00
  3.8990E+00  2.4573E+00  1.4417E+00  1.3535E+00
  1.6091E+00  1.1604E+00  4.4867E-01  1.3462E+00
  1.3017E+00  8.6917E-01  4.3253E-01  2.9297E+00
  6.0001E-01  7.4809E-01 -1.4808E-01 -4.4898E-01
  3.3279E+00  3.4783E+00 -1.5035E-01 -1.3173E+00
  3.7674E+00  3.6157E+00  1.5166E-01 -1.1260E+00
  9.4050E+01  9.2550E+01  1.5003E+00  3.7210E-01
  5.3890E+00  3.6212E+00  1.7678E+00  1.1083E+00
  9.0308E+01  9.2533E+01 -2.2246E+00 -3.0719E-01
  5.3392E+00  3.6214E+00  1.7178E+00  1.0372E+00
  9.5940E+01  9.2532E+01  3.4081E+00  7.2679E-01
  1.6408E+01  1.4499E+01  1.9091E+00  8.1051E-01
  1.2487E+01  9.1428E+00  3.3442E+00  9.1242E-01
  8.1700E+00  5.8084E+00  2.3616E+00  6.8998E-01
  5.4640E+00  4.3851E+00  1.0789E+00 -3.7180E-02
  4.4819E+00  3.9722E+00  5.0973E-01 -5.8574E-01
  5.4129E+00  3.6214E+00  1.7915E+00  1.1399E+00
  3.6267E+00  3.6214E+00  5.3065E-03 -1.3501E+00
  4.4085E+00  2.2813E+00  2.1272E+00  2.0568E+00
  2.4089E+00  1.4381E+00  9.7081E-01 -2.7542E-01
  2.3534E+00  9.0654E-01  1.4469E+00  2.3651E+00
  8.4822E+01  9.9698E+01 -1.4876E+01  1.9885E-01
  0.0000E+00  0.0000E+00  0.0000E+00  0.0000E+00
  1.7397E+01  2.6766E+01 -9.3687E+00 -1.4192E+00
  1.3866E+01  1.7149E+01 -3.2827E+00 -1.2799E+00
  7.4044E+00  8.8082E+00 -1.4038E+00 -1.1630E+00
  3.9499E+00  4.2814E+00 -3.3152E-01 -3.6710E-01
  2.8277E+00  2.8482E+00 -2.0466E-02  3.7925E-01
  1.6439E+00  2.1981E+00 -5.5420E-01 -6.8344E-01
  1.3514E+01  1.3459E+01  5.5259E-02  2.7169E-01
  5.1750E+01  6.7972E+01 -1.6222E+01 -1.9014E-01
  1.7079E+01  1.5058E+01  2.0213E+00  8.2589E-01
  1.4428E+01  1.5248E+01 -8.2037E-01 -1.6592E-01
  4.5135E+01  6.5717E+01 -2.0582E+01 -9.0474E-01
  1.4456E+01  1.5270E+01 -8.1402E-01 -1.6730E-01
  4.6736E+01  6.5693E+01 -1.8957E+01 -6.0412E-01
  3.5299E+01  4.1820E+01 -6.5212E+00 -5.3239E-01
  2.7498E+01  3.1903E+01 -4.4053E+00 -8.3268E-01
  2.1724E+01  2.3278E+01 -1.5544E+00 -4.3604E-01
  1.8100E+01  1.8387E+01 -2.8673E-01 -3.9853E-02
  2.0450E+01  1.6600E+01  3.8501E+00  1.2954E+00
  1.6590E+01  1.5271E+01  1.3194E+00  5.4752E-01
  1.2711E+01  1.5271E+01 -2.5601E+00 -7.5262E-01
  1.0185E+01  1.1231E+01 -1.0462E+00 -4.8954E-01
  8.8445E+00  8.2891E+00  5.5542E-01  1.4211E-01
  6.4595E+00  6.1176E+00  3.4185E-01 -5.1562E-02
  9.7869E+01  9.9698E+01 -1.8293E+00 -1.3967E+00
  0.0000E+00  0.0000E+00  0.0000E+00  0.0000E+00
  2.8727E+01  3.7833E+01 -9.1060E+00 -6.7485E-01
  1.4069E+01  1.6508E+01 -2.4385E+00 -9.6967E-01
  5.5578E+00  6.4755E+00 -9.1765E-01 -5.2924E-01
  2.4465E+00  3.4132E+00 -9.6666E-01 -1.5746E-01
  1.8498E+00  2.9081E+00 -1.0583E+00 -2.2231E-01
  1.6296E+00  2.6860E+00 -1.0564E+00 -3.3719E-01
  1.2716E+01  1.5459E+01 -2.7426E+00  3.3047E-01
  7.9399E+01  6.5484E+01  1.3915E+01  7.8903E-01
  1.3770E+01  1.6848E+01 -3.0785E+00  2.4999E-01
  7.9024E+01  6.4081E+01  1.4943E+01  1.0385E+00
  1.5110E+01  1.6973E+01 -1.8634E+00  6.1586E-01
  7.4404E+01  6.3966E+01  1.0438E+01  2.1741E-01
  1.7154E+01  1.6984E+01  1.6979E-01  1.2280E+00
  3.8218E+01  5.4575E+01 -1.6357E+01 -8.5932E-01
  2.8498E+01  3.2893E+01 -4.3947E+00 -2.3620E-01
  1.7802E+01  2.2512E+01 -4.7099E+00 -2.5915E-01
  1.5035E+01  1.8996E+01 -3.9613E+00  5.2184E-02
  1.3389E+01  1.8051E+01 -4.6617E+00 -1.4818E-01
  9.9588E+00  1.6984E+01 -7.0257E+00 -9.4123E-01
  1.1862E+01  1.6985E+01 -5.1227E+00 -3.6754E-01
  1.1264E+01  1.2039E+01 -7.7456E-01  7.3012E-01
  6.5159E+00  8.5334E+00 -2.0175E+00 -2.1390E-01
  5.5728E+00  6.0488E+00 -4.7595E-01  3.3042E-01
  1.0647E+02  9.9698E+01  6.7717E+00  1.9572E-01
  0.0000E+00  0.0000E+00  0.0000E+00  0.0000E+00
  1.2920E+01  3.3998E+01 -2.1078E+01 -2.0106E+00
  1.0997E+01  1.5592E+01 -4.5954E+00 -2.8576E+00
  9.2622E+00  6.0564E+00  3.2058E+00  9.8829E-01
  4.6202E+00  2.8437E+00  1.7765E+00  3.4653E+00
  1.8298E+00  2.2649E+00 -4.3514E-01  2.3025E-01
  1.4399E+00  2.0502E+00 -6.1026E-01 -7.6210E-02
  8.7631E+00  1.1692E+01 -2.9291E+00 -1.8205E-01
  8.4566E+01  7.0752E+01  1.3814E+01  6.7513E-01
  9.2717E+00  1.2712E+01 -3.4400E+00 -4.2392E-01
  8.9504E+00  1.2801E+01 -3.8502E+00 -5.9955E-01
  7.8991E+01  6.8936E+01  1.0055E+01  1.1489E-01
  1.2008E+01  1.2808E+01 -8.0002E-01  6.1061E-01
  7.6808E+01  6.8925E+01  7.8834E+00 -2.8179E-01
  2.4530E+01  4.6620E+01 -2.2090E+01 -1.3729E+00
  2.2445E+01  2.7942E+01 -5.4969E+00 -1.2547E+00
  2.1973E+01  1.8140E+01  3.8334E+00  1.2360E+00
  1.5515E+01  1.4581E+01  9.3393E-01  1.1125E+00
  1.1785E+01  1.3666E+01 -1.8813E+00  2.3772E-01
  9.5195E+00  1.2808E+01 -3.2887E+00 -3.7831E-01
  1.0529E+01  1.2808E+01 -2.2793E+00  2.2684E-02
  8.1855E+00  9.0379E+00 -8.5243E-01  1.4115E-01
  7.0722E+00  6.3785E+00  6.9367E-01  7.7207E-01
  5.9196E+00  4.5017E+00  1.4179E+00  1.3255E+00
  7.0850E+01  9.9698E+01 -2.8848E+01 -4.8903E-01
  0.0000E+00  0.0000E+00  0.0000E+00  0.0000E+00
  2.6161E+01  3.4347E+01 -8.1864E+00 -6.1797E-01
  1.2649E+01  1.3963E+01 -1.3142E+00 -1.0790E+00
  5.4605E+00  5.0412E+00  4.1933E-01 -5.5675E-01
  3.8185E+00  2.5025E+00  1.3160E+00  1.3895E+00
  3.1598E+00  2.1119E+00  1.0479E+00  1.1133E+00
  3.0234E+00  1.9290E+00  1.0944E+00  1.5936E+00
  8.8809E+00  9.6119E+00 -7.3099E-01  2.9171E-01
  4.0987E+01  7.4913E+01 -3.3926E+01 -1.9437E+00
  1.0030E+01  1.0113E+01 -8.3377E-02  8.5162E-01
  9.4227E+00  1.0140E+01 -7.1684E-01  5.5612E-01
  5.7094E+01  7.3756E+01 -1.6662E+01  1.1318E+00
  8.3137E+00  1.0141E+01 -1.8272E+00  4.2477E-03
  4.5021E+01  7.3753E+01 -2.8732E+01 -1.0841E+00
  2.6176E+01  4.4311E+01 -1.8135E+01 -1.5400E+00
  2.2423E+01  2.3668E+01 -1.2446E+00 -2.6634E-01
  1.4909E+01  1.4493E+01  4.1604E-01  4.7773E-01
  9.2185E+00  1.1628E+01 -2.4092E+00 -3.6714E-01
  8.1059E+00  1.0922E+01 -2.8160E+00 -5.0573E-01
  7.2588E+00  1.0141E+01 -2.8821E+00 -5.2159E-01
  7.1643E+00  1.0141E+01 -2.9766E+00 -5.6868E-01
  4.1061E+00  6.6502E+00 -2.5441E+00 -2.6427E-01
  1.5403E+00  4.3613E+00 -2.8210E+00 -6.0991E-01
  8.1480E-01  2.8602E+00 -2.0454E+00  7.2373E-03
  9.4843E+01  9.9698E+01 -4.8553E+00  6.4612E-01
  0.0000E+00  0.0000E+00  0.0000E+00  0.0000E+00
  3.0286E+01  1.9055E+01  1.1231E+01  1.1789E+00
  1.5027E+01  1.3290E+01  1.7374E+00  1.9555E-02
  6.7979E+00  7.2169E+00 -4.1896E-01 -1.2646E+00
  4.9212E+00  3.3554E+00  1.5658E+00  4.0511E-01
  1.9982E+00  1.8810E+00  1.1719E-01 -2.6194E+00
  1.5877E+00  1.0933E+00  4.9439E-01 -5.4884E-01
  9.6222E+00  6.2203E+00  3.4019E+00 -2.0170E+00
  5.5718E+01  8.4120E+01 -2.8402E+01 -8.9961E-01
  1.5551E+01  6.9492E+00  8.6018E+00  8.2745E-01
  5.0972E+01  8.1894E+01 -3.0922E+01 -8.0177E-01
  1.6174E+01  7.0363E+00  9.1377E+00  9.7825E-01
  1.4258E+01  7.0462E+00  7.2118E+00 -4.2919E-01
  5.2521E+01  8.1607E+01 -2.9086E+01 -3.4141E-01
  3.5229E+01  2.5968E+01  9.2606E+00 -7.8009E-01
  2.5836E+01  2.0037E+01  5.7995E+00 -7.0737E-01
  2.3288E+01  1.3820E+01  9.4683E+00  4.5374E-01
  2.0553E+01  9.7835E+00  1.0769E+01  1.1814E+00
  1.7677E+01  8.1450E+00  9.5320E+00  7.6197E-01
  1.9883E+01  7.0465E+00  1.2837E+01  3.5752E+00
  1.9445E+01  7.0467E+00  1.2398E+01  3.2621E+00
  1.1934E+01  5.1149E+00  6.8191E+00  1.9683E-02
  1.0022E+01  3.7757E+00  6.2463E+00  4.3740E-01
  7.5158E+00  2.7872E+00  4.7286E+00 -4.3753E-01
  1.3128E+02  9.9698E+01  3.1582E+01  1.1818E+00
  0.0000E+00  0.0000E+00  0.0000E+00  0.0000E+00
  2.9010E+01  3.5857E+01 -6.8466E+00 -1.4404E+00
  7.6554E+00  1.4767E+01 -7.1112E+00 -2.1305E+00
  3.7925E+00  5.4757E+00 -1.6832E+00 -1.0741E+00
  5.0021E+00  2.8157E+00  2.1864E+00  2.8204E+00
  3.7167E+00  2.4018E+00  1.3149E+00  8.1226E-01
  3.2092E+00  2.2039E+00  1.0053E+00  2.4051E-01
  1.8582E+01  1.1367E+01  7.2146E+00  2.3164E+00
  1.0009E+02  7.1333E+01  2.8757E+01  1.1141E+00
  1.3266E+01  1.2047E+01  1.2187E+00 -3.5435E-01
  1.3083E+01  1.2088E+01  9.9507E-01 -4.4136E-01
  8.9260E+01  7.0074E+01  1.9186E+01 -6.7305E-01
  1.8975E+01  1.2090E+01  6.8847E+00  2.0326E+00
  9.6555E+01  7.0070E+01  2.6485E+01  6.6629E-01
  4.2199E+01  4.7745E+01 -5.5465E+00 -9.7295E-01
  2.0031E+01  2.6360E+01 -6.3290E+00 -1.4073E+00
  2.0378E+01  1.6781E+01  3.5968E+00  7.1921E-01
  1.8772E+01  1.3748E+01  5.0236E+00  1.1040E+00
  1.5281E+01  1.2974E+01  2.3070E+00  5.4146E-02
  1.4420E+01  1.2090E+01  2.3297E+00  1.1977E-01
  1.4099E+01  1.2090E+01  2.0086E+00 -1.5040E-02
  1.0442E+01  8.0848E+00  2.3572E+00  6.6622E-01
  6.5033E+00  5.4066E+00  1.0967E+00  3.9846E-01
  3.7561E+00  3.6155E+00  1.4056E-01 -5.3471E-02
  9.1214E+01  9.9698E+01 -8.4843E+00  8.0365E-01
  0.0000E+00  0.0000E+00  0.0000E+00  0.0000E+00
  1.0306E+01  2.6547E+01 -1.6241E+01 -2.5922E+00
  7.8165E+00  1.2535E+01 -4.7187E+00 -2.6806E+00
  4.9781E+00  4.8738E+00  1.0431E-01 -4.4339E-01
  2.0059E+00  2.1326E+00 -1.2670E-01  3.7498E-01
  1.1321E+00  1.5918E+00 -4.5970E-01 -1.5288E-01
  1.3417E+00  1.3682E+00 -2.6473E-02  1.2705E+00
  5.5931E+00  5.5594E+00  3.3746E-02  6.5081E-02
  6.7739E+00  5.6774E+00  1.0965E+00  8.6516E-01
  7.1208E+01  8.5846E+01 -1.4638E+01 -3.4578E-01
  5.9786E+00  5.6799E+00  2.9871E-01  1.5989E-01
  6.8156E+01  8.5837E+01 -1.7681E+01 -9.0188E-01
  7.5899E+00  5.6799E+00  1.9100E+00  1.5714E+00
  6.9130E+01  8.5837E+01 -1.6707E+01 -7.2302E-01
  2.3270E+01  3.2097E+01 -8.8267E+00 -9.0757E-01
  1.7163E+01  1.7896E+01 -7.3348E-01 -7.0389E-01
  9.4831E+00  1.0054E+01 -5.7057E-01 -7.2751E-01
  6.8378E+00  7.0803E+00 -2.4247E-01 -2.2404E-01
  6.5416E+00  6.3177E+00  2.2389E-01  2.0197E-01
  6.4417E+00  5.6799E+00  7.6176E-01  5.6541E-01
  5.0798E+00  5.6799E+00 -6.0015E-01 -6.2781E-01
  4.4975E+00  3.2747E+00  1.2228E+00  6.6659E-01
  3.2451E+00  1.8888E+00  1.3563E+00  1.1184E+00
  1.7977E+00  1.0895E+00  7.0822E-01 -6.4592E-02
  1.1869E+02  9.9698E+01  1.8992E+01 -3.3378E-01
  0.0000E+00  0.0000E+00  0.0000E+00  0.0000E+00
  1.5347E+01  2.1072E+01 -5.7251E+00 -2.7293E-01
  1.2535E+01  1.3667E+01 -1.1323E+00 -6.2685E-01
  7.2645E+00  6.9164E+00  3.4813E-01 -3.1492E-01
  4.5315E+00  3.0663E+00  1.4652E+00  2.1869E+00
  3.0268E+00  1.7760E+00  1.2508E+00  3.7632E+00
  8.3699E-01  1.1744E+00 -3.3738E-01 -1.1189E+00
  4.3001E+00  6.4616E+00 -2.1615E+00 -3.8470E-01
  1.1270E+02  8.3371E+01  2.9329E+01  5.5177E-01
  4.7326E+00  7.0353E+00 -2.3027E+00 -1.7822E-01
  4.4549E+00  7.0868E+00 -2.6319E+00 -3.7220E-01
  1.1486E+02  8.1487E+01  3.3373E+01  1.1350E+00
  4.8748E+00  7.0912E+00 -2.2164E+00 -7.3530E-02
  1.1311E+02  8.1474E+01  3.1636E+01  8.1375E-01
  1.7491E+01  2.8036E+01 -1.0545E+01 -7.7315E-01
  1.4583E+01  2.0464E+01 -5.8807E+00 -1.0709E+00
  1.5850E+01  1.3560E+01  2.2903E+00  1.5276E+00
  7.9877E+00  9.5175E+00 -1.5298E+00  2.7099E-01
  5.9903E+00  8.0433E+00 -2.0530E+00  6.6515E-02
  5.6045E+00  7.0913E+00 -1.4868E+00  4.4275E-01
  6.0212E+00  7.0914E+00 -1.0702E+00  7.3757E-01
  3.2499E+00  4.9807E+00 -1.7308E+00  8.4389E-03
  2.2752E+00  3.5291E+00 -1.2539E+00  2.3278E-01
  1.5648E+00  2.5005E+00 -9.3572E-01  4.1167E-01
  9.9050E+01  9.9698E+01 -6.4829E-01  1.0912E+00
  0.0000E+00  0.0000E+00  0.0000E+00  0.0000E+00
  1.3642E+01  1.7438E+01 -3.7963E+00 -3.3197E+00
  7.7444E+00  1.2412E+01 -4.6676E+00 -2.9554E+00
  4.8131E+00  6.8582E+00 -2.0451E+00 -2.7399E+00
  3.1274E+00  3.2013E+00 -7.3919E-02 -2.6663E+00
  2.8006E+00  1.7459E+00  1.0547E+00 -7.9874E-01
  2.2231E+00  9.3251E-01  1.2906E+00  2.1500E+00
  1.1893E+01  5.1960E+00  6.6970E+00  9.7455E-01
  6.7352E+01  8.7409E+01 -2.0057E+01  1.4988E-01
  1.4021E+01  5.8342E+00  8.1868E+00  9.9392E-01
  5.6799E+01  8.5342E+01 -2.8543E+01 -8.0739E-01
  1.4394E+01  5.9147E+00  8.4793E+00  1.0080E+00
  5.1344E+01  8.5085E+01 -3.3741E+01 -1.6477E+00
  1.3214E+01  5.9244E+00  7.2896E+00 -3.1439E-02
  4.1438E+01  2.3240E+01  1.8198E+01  1.3280E+00
  2.2286E+01  1.8066E+01  4.2204E+00 -1.1607E+00
  1.7328E+01  1.2388E+01  4.9403E+00 -1.2874E+00
  1.7154E+01  8.5840E+00  8.5700E+00  2.5815E-01
  2.0759E+01  6.9929E+00  1.3766E+01  4.2469E+00
  1.6383E+01  5.9246E+00  1.0458E+01  2.6379E+00
  1.6392E+01  5.9249E+00  1.0467E+01  2.6441E+00
  1.0610E+01  4.3059E+00  6.3041E+00  2.0497E-01
  7.0807E+00  3.2035E+00  3.8772E+00 -1.8062E+00
  7.6635E+00  2.3833E+00  5.2802E+00  1.9166E+00
  6.9780E+01  9.9698E+01 -2.9918E+01 -2.2967E+00
  0.0000E+00  0.0000E+00  0.0000E+00  0.0000E+00
  2.2033E+01  3.4608E+01 -1.2575E+01 -7.9170E-01
  2.2930E+01  1.5544E+01  7.3857E+00  7.2613E-01
  7.4006E+00  5.9879E+00  1.4127E+00 -1.2265E+00
  4.2702E+00  2.8736E+00  1.3966E+00  2.3186E+00
  2.5538E+00  2.3307E+00  2.2306E-01  1.4307E+00
  1.5119E+00  2.1206E+00 -6.0868E-01 -3.8621E-01
  1.3261E+01  1.1909E+01  1.3524E+00  4.5466E-01
  5.8347E+01  7.0377E+01 -1.2030E+01  1.0307E+00
  1.5890E+01  1.2890E+01  2.9998E+00  6.8009E-01
  4.7687E+01  6.8800E+01 -2.1113E+01 -4.0362E-01
  1.4761E+01  1.2971E+01  1.7899E+00  1.3632E-01
  4.9877E+01  6.8678E+01 -1.8801E+01  5.6349E-02
  1.6733E+01  1.2977E+01  3.7555E+00  8.9978E-01
  3.1998E+01  4.7393E+01 -1.5395E+01 -1.0870E+00
  3.7280E+01  2.8047E+01  9.2329E+00  6.0356E-01
  2.1430E+01  1.8215E+01  3.2149E+00 -2.5535E-01
  1.5881E+01  1.4743E+01  1.1381E+00 -2.2020E-01
  1.8300E+01  1.3853E+01  4.4475E+00  1.1565E+00
  1.3182E+01  1.2978E+01  2.0437E-01 -4.9318E-01
  1.6175E+01  1.2978E+01  3.1973E+00  6.8045E-01
  1.0341E+01  9.0845E+00  1.2565E+00 -6.2404E-01
  9.6437E+00  6.3600E+00  3.2837E+00  4.0722E-01
  8.8111E+00  4.4526E+00  4.3585E+00  1.6487E+00
  1.2254E+02  9.9698E+01  2.2842E+01  1.6463E+00
  0.0000E+00  0.0000E+00  0.0000E+00  0.0000E+00
  2.0965E+01  3.5142E+01 -1.4177E+01 -1.7529E+00
  1.9107E+01  1.5687E+01  3.4198E+00 -9.6287E-01
  6.7147E+00  6.0526E+00  6.6210E-01 -1.7952E+00
  3.5973E+00  2.9519E+00  6.4543E-01  1.6005E+00
  2.5156E+00  2.4174E+00  9.8220E-02  2.0219E+00
  1.9954E+00  2.2059E+00 -2.1045E-01  1.3065E+00
  1.8562E+01  1.2407E+01  6.1549E+00  6.3622E-02
  7.1648E+01  6.9552E+01  2.0962E+00 -5.9907E-01
  2.3136E+01  1.3435E+01  9.7006E+00  1.8347E-01
  6.9034E+01  6.8005E+01  1.0295E+00 -2.8105E-01
  3.0504E+01  1.3521E+01  1.6983E+01  2.7427E+00
  7.2336E+01  6.7885E+01  4.4510E+00  4.3082E-01
  2.2958E+01  1.3527E+01  9.4306E+00 -1.2561E-01
  4.3621E+01  4.8470E+01 -4.8486E+00 -1.0873E+00
  4.2536E+01  2.8721E+01  1.3815E+01 -9.9975E-02
  3.9988E+01  1.8800E+01  2.1188E+01  2.5197E+00
  2.5735E+01  1.5327E+01  1.0408E+01  1.6181E-01
  1.8335E+01  1.4431E+01  3.9043E+00 -1.9925E+00
  2.2182E+01  1.3528E+01  8.6545E+00 -4.1846E-01
  2.6882E+01  1.3528E+01  1.3354E+01  1.3510E+00
  2.2755E+01  9.4769E+00  1.3278E+01  1.1499E+00
  1.6230E+01  6.6399E+00  9.5901E+00 -8.6898E-01
  2.1488E+01  4.6522E+00  1.6836E+01  6.2312E+00
  1.2990E+02  9.9698E+01  3.0202E+01  9.3360E-01
  0.0000E+00  0.0000E+00  0.0000E+00  0.0000E+00
  4.7285E+01  2.8651E+01  1.8634E+01  6.5907E-01
  1.2664E+01  1.5738E+01 -3.0738E+00 -4.6731E-01
  6.9118E+00  6.8336E+00  7.8206E-02  7.4665E-01
  4.8639E+00  2.8583E+00  2.0056E+00  5.4944E-01
  4.5618E+00  1.8737E+00  2.6881E+00  9.4273E-01
  3.7164E+00  1.5286E+00  2.1878E+00 -5.1064E-01
  2.4908E+01  9.9274E+00  1.4981E+01  2.4364E+00
  7.7854E+01  7.4213E+01  3.6414E+00 -5.6639E-01
  2.1589E+01  1.1306E+01  1.0283E+01 -1.9358E-01
  2.5107E+01  1.1498E+01  1.3609E+01  1.3096E+00
  8.1128E+01  7.1097E+01  1.0031E+01  3.1293E-01
  2.8572E+01  1.1523E+01  1.7049E+01  2.8326E+00
  8.5347E+01  7.1052E+01  1.4295E+01  1.0868E+00
  7.4009E+01  4.0032E+01  3.3977E+01  1.5408E+00
  3.3424E+01  2.6915E+01  6.5090E+00 -2.1337E-01
  2.9476E+01  1.7814E+01  1.1662E+01  9.1637E-01
  3.0431E+01  1.3583E+01  1.6848E+01  2.3070E+00
  2.4415E+01  1.2350E+01  1.2065E+01  3.8597E-01
  1.7002E+01  1.1524E+01  5.4782E+00 -2.2723E+00
  2.6358E+01  1.1524E+01  1.4834E+01  1.8554E+00
  1.5452E+01  8.6826E+00  6.7694E+00 -3.2179E-01
  9.7210E+00  6.5503E+00  3.1707E+00 -1.1862E+00
  6.3228E+00  4.9417E+00  1.3811E+00 -1.4458E+00
  9.3948E+01  9.9698E+01 -5.7503E+00 -1.4118E+00
  0.0000E+00  0.0000E+00  0.0000E+00  0.0000E+00
  4.2090E+01  3.4142E+01  7.9481E+00  7.2234E-01
  1.5000E+01  1.8173E+01 -3.1731E+00 -7.0029E-01
  9.3968E+00  7.9500E+00  1.4468E+00  1.1617E+00
  4.7193E+00  3.7188E+00  1.0005E+00  3.6033E-01
  3.8202E+00  2.7597E+00  1.0605E+00  5.1713E-02
  4.1232E+00  2.4281E+00  1.6951E+00  1.4025E+00
  2.2515E+01  1.7081E+01  5.4342E+00  7.1064E-01
  6.6299E+01  6.3868E+01  2.4307E+00  5.3042E-01
  2.6994E+01  2.0085E+01  6.9092E+00  1.0814E+00
  2.2029E+01  2.0613E+01  1.4156E+00 -2.8359E-01
  6.1767E+01  6.1250E+01  5.1728E-01  2.9889E-03
  2.2472E+01  2.0701E+01  1.7712E+00 -1.8006E-01
  6.7132E+01  6.1197E+01  5.9349E+00  9.9046E-01
  5.2932E+01  5.4624E+01 -1.6922E+00 -6.4475E-01
  4.2143E+01  3.8337E+01  3.8061E+00  3.4871E-01
  2.2732E+01  2.7802E+01 -5.0705E+00 -1.3238E+00
  2.8994E+01  2.3165E+01  5.8295E+00  7.4653E-01
  2.4451E+01  2.1807E+01  2.6437E+00 -4.6446E-04
  2.3423E+01  2.0704E+01  2.7192E+00  5.6561E-02
  2.7417E+01  2.0706E+01  6.7106E+00  1.0505E+00
  2.4309E+01  1.6147E+01  8.1619E+00  2.0948E+00
  8.8390E+00  1.2598E+01 -3.7590E+00 -1.6112E+00
  9.3851E+00  9.8290E+00 -4.4388E-01 -1.4115E-01
  8.8152E+01  9.9698E+01 -1.1546E+01 -8.4299E-01
  0.0000E+00  0.0000E+00  0.0000E+00  0.0000E+00
  1.6341E+01  2.4979E+01 -8.6377E+00 -7.8978E-01
  1.2198E+01  1.5607E+01 -3.4086E+00 -1.5161E+00
  6.6910E+00  7.7434E+00 -1.0524E+00 -1.1969E+00
  4.0661E+00  3.5734E+00  4.9275E-01  1.3264E+00
  1.3617E+00  2.2896E+00 -9.2786E-01 -4.1764E-01
  8.2611E-01  1.7245E+00 -8.9835E-01 -2.3621E-01
  6.5645E+00  9.6919E+00 -3.1274E+00 -3.9893E-01
  7.4575E+01  7.4733E+01 -1.5816E-01  4.0304E-01
  6.3755E+00  1.0550E+01 -4.1742E+00 -9.9789E-01
  6.9396E+01  7.2906E+01 -3.5100E+00 -9.4177E-02
  8.4378E+00  1.0626E+01 -2.1881E+00 -6.9661E-02
  9.0910E+00  1.0632E+01 -1.5414E+00  2.3457E-01
  6.9828E+01  7.2740E+01 -2.9116E+00  3.6950E-02
  2.1894E+01  3.5440E+01 -1.3546E+01 -1.0776E+00
  1.9889E+01  2.5830E+01 -5.9415E+00 -1.0348E+00
  1.7881E+01  1.7743E+01  1.3769E-01  3.9076E-01
  1.5388E+01  1.3287E+01  2.1012E+00  1.5885E+00
  9.8496E+00  1.1726E+01 -1.8768E+00  1.3019E-01
  8.4996E+00  1.0633E+01 -2.1330E+00 -4.7624E-02
  9.0032E+00  1.0633E+01 -1.6295E+00  1.9234E-01
  7.2845E+00  7.4941E+00 -2.0959E-01  3.8327E-01
  5.5374E+00  5.3035E+00  2.3389E-01  2.2872E-01
  5.0993E+00  3.7533E+00  1.3460E+00  1.0655E+00
  9.6337E+01  9.9698E+01 -3.3613E+00 -8.8532E-01
  0.0000E+00  0.0000E+00  0.0000E+00  0.0000E+00
  3.6127E+01  3.7664E+01 -1.5367E+00 -4.7973E-01
  7.8282E+00  1.9175E+01 -1.1347E+01 -2.9907E+00
  4.8737E+00  8.3194E+00 -3.4457E+00 -1.1506E+00
  2.4769E+00  4.2010E+00 -1.7241E+00 -4.0026E-01
  2.4570E+00  3.3570E+00 -9.0005E-01  5.5948E-01
  2.1648E+00  3.0642E+00 -8.9935E-01  3.7387E-01
  1.8930E+01  2.2287E+01 -3.3567E+00 -8.2384E-01
  3.0846E+01  2.6598E+01  4.2480E+00  1.2635E-01
  5.7520E+01  5.8549E+01 -1.0293E+00 -2.3820E-01
  3.3568E+01  2.7432E+01  6.1357E+00  2.3519E-01
  6.1140E+01  5.8282E+01  2.8576E+00  5.3162E-01
  1.9514E+01  2.7583E+01 -8.0694E+00 -2.5013E+00
  6.2545E+01  5.8236E+01  4.3088E+00  8.1340E-01
  6.7484E+01  6.4975E+01  2.5086E+00 -2.8344E-01
  5.5067E+01  4.6088E+01  8.9795E+00  5.0310E-01
  4.9005E+01  3.4839E+01  1.4166E+01  1.4650E+00
  4.1969E+01  3.0207E+01  1.1762E+01  1.2131E+00
  3.6325E+01  2.8860E+01  7.4652E+00  4.5736E-01
  2.5758E+01  2.7589E+01 -1.8309E+00 -1.3309E+00
  3.1009E+01  2.7594E+01  3.4153E+00 -3.4735E-01
  3.9215E+01  2.1818E+01  1.7397E+01  2.4372E+00
  2.3828E+01  1.7255E+01  6.5732E+00 -2.9632E-01
  2.6814E+01  1.3646E+01  1.3168E+01  1.7549E+00
  1.1101E+02  9.9698E+01  1.1312E+01 -3.0045E-01
  0.0000E+00  0.0000E+00  0.0000E+00  0.0000E+00
  5.7843E+01  3.7825E+01  2.0018E+01  9.4928E-01
  1.9800E+01  1.6854E+01  2.9457E+00  1.4084E+00
  5.9830E+00  6.6918E+00 -7.0878E-01 -7.4006E-01
  6.9622E+00  3.4971E+00  3.4651E+00  1.5607E+00
  7.9135E+00  2.9563E+00  4.9572E+00  3.7845E+00
  4.5406E+00  2.7293E+00  1.8113E+00 -1.8051E+00
  3.3261E+01  1.6174E+01  1.7087E+01  1.0560E+00
  7.3123E+01  6.4732E+01  8.3906E+00  1.4895E+00
  4.0656E+01  1.7786E+01  2.2870E+01  2.0779E+00
  6.3251E+01  6.3258E+01 -7.1547E-03 -1.2844E-01
  3.8837E+01  1.7946E+01  2.0891E+01  1.4104E+00
  6.3469E+01  6.3126E+01  3.4302E-01 -6.0353E-02
  4.0807E+01  1.7961E+01  2.2846E+01  1.9574E+00
  9.0419E+01  5.5540E+01  3.4879E+01  9.1719E-01
  5.1854E+01  3.4209E+01  1.7645E+01  7.4066E-01
  3.8896E+01  2.3692E+01  1.5204E+01  8.9973E-02
  3.6765E+01  2.0037E+01  1.6728E+01  6.3319E-02
  3.1182E+01  1.9049E+01  1.2133E+01 -1.1954E+00
  3.4764E+01  1.7962E+01  1.6802E+01  2.3184E-01
  3.5553E+01  1.7962E+01  1.7591E+01  4.5677E-01
  3.1629E+01  1.2920E+01  1.8709E+01  2.3401E+00
  1.7907E+01  9.2936E+00  8.6134E+00 -4.2667E-01
  1.0535E+01  6.6852E+00  3.8498E+00 -2.0017E+00
  1.0047E+02  9.9698E+01  7.7171E-01  9.2019E-04
  0.0000E+00  0.0000E+00  0.0000E+00  0.0000E+00
  4.2064E+01  3.6777E+01  5.2866E+00  4.7337E-01
  1.0567E+01  1.6274E+01 -5.7066E+00 -1.1950E+00
  5.9854E+00  6.3582E+00 -3.7280E-01  1.1691E-01
  5.8302E+00  3.2452E+00  2.5850E+00  2.4052E+00
  6.0409E+00  2.7195E+00  3.3214E+00  3.6099E+00
  3.9744E+00  2.5003E+00  1.4741E+00  2.4716E-01
  1.0054E+01  1.4344E+01 -4.2904E+00 -1.3785E+00
  7.1340E+01  6.6793E+01  4.5467E+00  5.1713E-01
  1.4421E+01  1.5620E+01 -1.1990E+00  2.8070E-01
  6.1407E+01  6.5308E+01 -3.9014E+00 -1.2469E+00
  1.3361E+01  1.5733E+01 -2.3725E+00 -1.9268E-02
  7.2460E+01  6.5187E+01  7.2728E+00  7.6839E-01
  1.3399E+01  1.5743E+01 -2.3442E+00  5.8146E-04
  4.9967E+01  5.2295E+01 -2.3276E+00 -2.0844E-01
  2.4277E+01  3.1459E+01 -7.1817E+00 -5.2343E-01
  2.3939E+01  2.1219E+01  2.7203E+00  1.4716E+00
  1.6544E+01  1.7684E+01 -1.1397E+00  3.0945E-01
  1.3789E+01  1.6748E+01 -2.9590E+00 -2.6673E-01
  1.0410E+01  1.5743E+01 -5.3334E+00 -9.6977E-01
  1.3160E+01  1.5744E+01 -2.5836E+00 -7.6615E-02
  5.4067E+00  1.1141E+01 -5.7346E+00 -9.0051E-01
  3.0104E+00  7.8851E+00 -4.8747E+00 -3.5406E-01
  1.5801E+00  5.5805E+00 -4.0004E+00  2.6275E-01
  1.3979E+02  9.9698E+01  4.0092E+01  1.0385E+00
  0.0000E+00  0.0000E+00  0.0000E+00  0.0000E+00
  1.3037E+01  3.1013E+01 -1.7976E+01 -1.3065E+00
  1.2061E+01  1.4621E+01 -2.5595E+00 -1.3515E+00
  5.9322E+00  5.6378E+00  2.9440E-01 -3.1671E-01
  2.9131E+00  2.4319E+00  4.8122E-01  2.3203E+00
  1.0483E+00  1.8205E+00 -7.7224E-01  7.2149E-02
  6.1424E-01  1.6117E+00 -9.9742E-01 -6.4205E-01
  2.1372E+00  9.0824E+00 -6.9452E+00 -5.7595E-01
  1.2737E+02  7.6149E+01  5.1221E+01  6.5271E-01
  3.2544E+00  9.8430E+00 -6.5886E+00  1.4958E-01
  1.2870E+02  7.4397E+01  5.4303E+01  1.0396E+00
  2.5286E+00  9.9068E+00 -7.3782E+00 -1.9484E-01
  2.1260E+00  9.9119E+00 -7.7859E+00 -3.9634E-01
  1.2839E+02  7.4247E+01  5.4143E+01  9.7823E-01
  1.3297E+01  4.0778E+01 -2.7481E+01 -1.4884E+00
  1.6075E+01  2.4171E+01 -8.0956E+00 -5.5782E-01
  9.5744E+00  1.4979E+01 -5.4041E+00  2.4498E-01
  4.3054E+00  1.1501E+01 -7.1954E+00 -1.6786E-02
  3.5598E+00  1.0626E+01 -7.0659E+00  8.8273E-02
  2.6743E+00  9.9120E+00 -7.2377E+00 -1.1638E-01
  2.9413E+00  9.9121E+00 -6.9708E+00  1.9979E-02
  1.3402E+00  6.9532E+00 -5.6130E+00 -3.7734E-02
  8.4564E-01  4.8792E+00 -4.0335E+00  2.7634E-01
  5.5773E-01  3.4238E+00 -2.8660E+00  5.7575E-01
  7.5057E+01  9.9698E+01 -2.4641E+01 -2.2507E+00
  0.0000E+00  0.0000E+00  0.0000E+00  0.0000E+00
  1.7248E+01  2.8234E+01 -1.0986E+01 -2.1074E-01
  1.6412E+01  1.5161E+01  1.2509E+00 -7.1650E-01
  1.4894E+01  6.6674E+00  8.2266E+00  4.0225E+00
  7.5295E+00  3.0853E+00  4.4442E+00  6.0734E+00
  3.9117E+00  2.2367E+00  1.6750E+00  3.5606E+00
  8.0047E-01  1.8930E+00 -1.0925E+00 -2.7517E+00
  4.7511E+00  9.0707E+00 -4.3196E+00 -6.0253E-01
  6.9419E+01  7.6177E+01 -6.7577E+00 -3.2290E-01
  5.0611E+00  9.4799E+00 -4.4188E+00 -3.5012E-01
  7.1065E+01  7.5214E+01 -4.1491E+00  5.5916E-02
  4.6392E+00  9.4984E+00 -4.8592E+00 -5.6237E-01
  4.9867E+00  9.4992E+00 -4.5125E+00 -3.7676E-01
  7.9518E+01  7.5170E+01  4.3481E+00  1.6060E+00
  2.2534E+01  3.7555E+01 -1.5021E+01 -3.9766E-01
  1.9398E+01  2.4225E+01 -4.8268E+00 -8.7647E-01
  1.5889E+01  1.5483E+01  4.0600E-01  6.0174E-01
  1.0619E+01  1.1581E+01 -9.6246E-01  1.0007E+00
  6.3642E+00  1.0425E+01 -4.0609E+00 -1.5499E-01
  5.0910E+00  9.4992E+00 -4.4082E+00 -3.2132E-01
  4.1116E+00  9.4992E+00 -5.3876E+00 -8.4177E-01
  2.2310E+00  6.0965E+00 -3.8655E+00 -4.4426E-01
  1.7401E+00  3.9165E+00 -2.1764E+00  6.1291E-01
  1.5290E+00  2.5161E+00 -9.8707E-01  1.8707E+00
  5.5108E+01  9.9698E+01 -4.4590E+01 -2.7978E+00
  0.0000E+00  0.0000E+00  0.0000E+00  0.0000E+00
  1.8643E+01  2.6524E+01 -7.8809E+00 -1.0353E+00
  1.3235E+01  1.4598E+01 -1.3629E+00 -1.0362E+00
  5.0557E+00  6.4741E+00 -1.4184E+00 -1.7871E+00
  2.8484E+00  2.8883E+00 -3.9878E-02  6.2740E-02
  1.7483E+00  1.9968E+00 -2.4854E-01  8.0314E-02
  2.0422E+00  1.6433E+00  3.9893E-01  2.1698E+00
  8.5137E+00  7.9545E+00  5.5915E-01  2.2929E-01
  5.0433E+01  7.9034E+01 -2.8601E+01  2.1521E-01
  8.1309E+00  8.3318E+00 -2.0093E-01 -4.5538E-01
  4.1979E+01  7.8030E+01 -3.6051E+01 -1.0224E+00
  8.2843E+00  8.3498E+00 -6.5453E-02 -3.9191E-01
  8.0647E+00  8.3506E+00 -2.8588E-01 -5.2605E-01
  5.1966E+01  7.7981E+01 -2.6015E+01  8.3228E-01
  3.0996E+01  3.4718E+01 -3.7221E+00 -2.3926E-01
  2.8141E+01  2.2568E+01  5.5727E+00  8.8415E-01
  1.5770E+01  1.4229E+01  1.5406E+00  2.4880E-02
  1.3670E+01  1.0367E+01  3.3032E+00  1.2888E+00
  1.0130E+01  9.2089E+00  9.2113E-01  2.2372E-01
  1.0517E+01  8.3506E+00  2.1664E+00  9.5188E-01
  9.4705E+00  8.3506E+00  1.1199E+00  3.2115E-01
  7.9384E+00  5.3955E+00  2.5429E+00  1.2138E+00
  4.9576E+00  3.4914E+00  1.4662E+00  2.3852E-01
  3.8656E+00  2.2592E+00  1.6064E+00  7.7785E-01
